(((1,2),3),(4,5))	(((1,2),3),(4,5))	2	2954
(((1,2),3),(4,5))	(((1,2),3),(4,5))	3	4161
(((1,2),3),(4,5))	(((1,2),3),(4,5))	4	4610
(((1,2),3),(4,5))	(((1,2),3),(4,5))	5	4590
(((1,2),3),(4,5))	(((1,2),3),(4,5))	6	4483
(((1,2),3),(4,5))	(((1,2),3),(4,5))	7	4204
(((1,2),3),(4,5))	(((1,2),3),(4,5))	8	3947
(((1,2),3),(4,5))	(((1,2),3),(4,5))	9	3793
(((1,2),3),(4,5))	(((1,2),3),(4,5))	10	3617
(((1,2),3),(4,5))	(((1,2),3),(4,5))	11	3441
(((1,2),3),(4,5))	(((1,2),3),(4,5))	12	3443
(((1,2),3),(4,5))	(((1,2),3),(4,5))	13	3134
(((1,2),3),(4,5))	(((1,2),3),(4,5))	14	3183
(((1,2),3),(4,5))	(((1,2),3),(4,5))	15	3034
(((1,2),3),(4,5))	(((1,2),3),(4,5))	16	2996
(((1,2),3),(4,5))	(((1,2),3),(4,5))	17	2879
(((1,2),3),(4,5))	(((1,2),3),(4,5))	18	2731
(((1,2),3),(4,5))	(((1,2),3),(4,5))	19	2722
(((1,2),3),(4,5))	(((1,2),3),(4,5))	20	2597
(((1,2),3),(4,5))	(((1,2),3),(4,5))	21	2538
(((1,2),3),(4,5))	(((1,2),3),(4,5))	22	2497
(((1,2),3),(4,5))	(((1,2),3),(4,5))	23	2412
(((1,2),3),(4,5))	(((1,2),3),(4,5))	24	2460
(((1,2),3),(4,5))	(((1,2),3),(4,5))	25	2330
(((1,2),3),(4,5))	(((1,2),3),(4,5))	26	2292
(((1,2),3),(4,5))	(((1,2),3),(4,5))	27	2214
(((1,2),3),(4,5))	(((1,2),3),(4,5))	28	2150
(((1,2),3),(4,5))	(((1,2),3),(4,5))	29	2111
(((1,2),3),(4,5))	(((1,2),3),(4,5))	30	2141
(((1,2),3),(4,5))	(((1,2),3),(4,5))	31	2032
(((1,2),3),(4,5))	(((1,2),3),(4,5))	32	2007
(((1,2),3),(4,5))	(((1,2),3),(4,5))	33	1921
(((1,2),3),(4,5))	(((1,2),3),(4,5))	34	1975
(((1,2),3),(4,5))	(((1,2),3),(4,5))	35	1862
(((1,2),3),(4,5))	(((1,2),3),(4,5))	36	1832
(((1,2),3),(4,5))	(((1,2),3),(4,5))	37	1822
(((1,2),3),(4,5))	(((1,2),3),(4,5))	38	1826
(((1,2),3),(4,5))	(((1,2),3),(4,5))	39	1751
(((1,2),3),(4,5))	(((1,2),3),(4,5))	40	1634
(((1,2),3),(4,5))	(((1,2),3),(4,5))	41	1665
(((1,2),3),(4,5))	(((1,2),3),(4,5))	42	1599
(((1,2),3),(4,5))	(((1,2),3),(4,5))	43	1570
(((1,2),3),(4,5))	(((1,2),3),(4,5))	44	1603
(((1,2),3),(4,5))	(((1,2),3),(4,5))	45	1492
(((1,2),3),(4,5))	(((1,2),3),(4,5))	46	1540
(((1,2),3),(4,5))	(((1,2),3),(4,5))	47	1460
(((1,2),3),(4,5))	(((1,2),3),(4,5))	48	1466
(((1,2),3),(4,5))	(((1,2),3),(4,5))	49	1399
(((1,2),3),(4,5))	(((1,2),3),(4,5))	50	1414
(((1,2),3),(4,5))	(((1,2),3),(4,5))	51	1353
(((1,2),3),(4,5))	(((1,2),3),(4,5))	52	1339
(((1,2),3),(4,5))	(((1,2),3),(4,5))	53	1311
(((1,2),3),(4,5))	(((1,2),3),(4,5))	54	1257
(((1,2),3),(4,5))	(((1,2),3),(4,5))	55	1317
(((1,2),3),(4,5))	(((1,2),3),(4,5))	56	1239
(((1,2),3),(4,5))	(((1,2),3),(4,5))	57	1227
(((1,2),3),(4,5))	(((1,2),3),(4,5))	58	1184
(((1,2),3),(4,5))	(((1,2),3),(4,5))	59	1112
(((1,2),3),(4,5))	(((1,2),3),(4,5))	60	1145
(((1,2),3),(4,5))	(((1,2),3),(4,5))	61	1134
(((1,2),3),(4,5))	(((1,2),3),(4,5))	62	1069
(((1,2),3),(4,5))	(((1,2),3),(4,5))	63	1111
(((1,2),3),(4,5))	(((1,2),3),(4,5))	64	1053
(((1,2),3),(4,5))	(((1,2),3),(4,5))	65	1032
(((1,2),3),(4,5))	(((1,2),3),(4,5))	66	978
(((1,2),3),(4,5))	(((1,2),3),(4,5))	67	974
(((1,2),3),(4,5))	(((1,2),3),(4,5))	68	924
(((1,2),3),(4,5))	(((1,2),3),(4,5))	69	951
(((1,2),3),(4,5))	(((1,2),3),(4,5))	70	926
(((1,2),3),(4,5))	(((1,2),3),(4,5))	71	907
(((1,2),3),(4,5))	(((1,2),3),(4,5))	72	891
(((1,2),3),(4,5))	(((1,2),3),(4,5))	73	897
(((1,2),3),(4,5))	(((1,2),3),(4,5))	74	880
(((1,2),3),(4,5))	(((1,2),3),(4,5))	75	844
(((1,2),3),(4,5))	(((1,2),3),(4,5))	76	792
(((1,2),3),(4,5))	(((1,2),3),(4,5))	77	803
(((1,2),3),(4,5))	(((1,2),3),(4,5))	78	800
(((1,2),3),(4,5))	(((1,2),3),(4,5))	79	768
(((1,2),3),(4,5))	(((1,2),3),(4,5))	80	813
(((1,2),3),(4,5))	(((1,2),3),(4,5))	81	755
(((1,2),3),(4,5))	(((1,2),3),(4,5))	82	737
(((1,2),3),(4,5))	(((1,2),3),(4,5))	83	755
(((1,2),3),(4,5))	(((1,2),3),(4,5))	84	719
(((1,2),3),(4,5))	(((1,2),3),(4,5))	85	717
(((1,2),3),(4,5))	(((1,2),3),(4,5))	86	699
(((1,2),3),(4,5))	(((1,2),3),(4,5))	87	682
(((1,2),3),(4,5))	(((1,2),3),(4,5))	88	649
(((1,2),3),(4,5))	(((1,2),3),(4,5))	89	665
(((1,2),3),(4,5))	(((1,2),3),(4,5))	90	619
(((1,2),3),(4,5))	(((1,2),3),(4,5))	91	598
(((1,2),3),(4,5))	(((1,2),3),(4,5))	92	635
(((1,2),3),(4,5))	(((1,2),3),(4,5))	93	611
(((1,2),3),(4,5))	(((1,2),3),(4,5))	94	607
(((1,2),3),(4,5))	(((1,2),3),(4,5))	95	584
(((1,2),3),(4,5))	(((1,2),3),(4,5))	96	587
(((1,2),3),(4,5))	(((1,2),3),(4,5))	97	609
(((1,2),3),(4,5))	(((1,2),3),(4,5))	98	574
(((1,2),3),(4,5))	(((1,2),3),(4,5))	99	495
(((1,2),3),(4,5))	(((1,2),3),(4,5))	100	513
(((1,2),3),(4,5))	(((1,2),3),(4,5))	101	494
(((1,2),3),(4,5))	(((1,2),3),(4,5))	102	481
(((1,2),3),(4,5))	(((1,2),3),(4,5))	103	513
(((1,2),3),(4,5))	(((1,2),3),(4,5))	104	542
(((1,2),3),(4,5))	(((1,2),3),(4,5))	105	509
(((1,2),3),(4,5))	(((1,2),3),(4,5))	106	471
(((1,2),3),(4,5))	(((1,2),3),(4,5))	107	442
(((1,2),3),(4,5))	(((1,2),3),(4,5))	108	413
(((1,2),3),(4,5))	(((1,2),3),(4,5))	109	411
(((1,2),3),(4,5))	(((1,2),3),(4,5))	110	415
(((1,2),3),(4,5))	(((1,2),3),(4,5))	111	447
(((1,2),3),(4,5))	(((1,2),3),(4,5))	112	425
(((1,2),3),(4,5))	(((1,2),3),(4,5))	113	413
(((1,2),3),(4,5))	(((1,2),3),(4,5))	114	409
(((1,2),3),(4,5))	(((1,2),3),(4,5))	115	419
(((1,2),3),(4,5))	(((1,2),3),(4,5))	116	391
(((1,2),3),(4,5))	(((1,2),3),(4,5))	117	395
(((1,2),3),(4,5))	(((1,2),3),(4,5))	118	408
(((1,2),3),(4,5))	(((1,2),3),(4,5))	119	363
(((1,2),3),(4,5))	(((1,2),3),(4,5))	120	360
(((1,2),3),(4,5))	(((1,2),3),(4,5))	121	381
(((1,2),3),(4,5))	(((1,2),3),(4,5))	122	354
(((1,2),3),(4,5))	(((1,2),3),(4,5))	123	347
(((1,2),3),(4,5))	(((1,2),3),(4,5))	124	339
(((1,2),3),(4,5))	(((1,2),3),(4,5))	125	327
(((1,2),3),(4,5))	(((1,2),3),(4,5))	126	350
(((1,2),3),(4,5))	(((1,2),3),(4,5))	127	287
(((1,2),3),(4,5))	(((1,2),3),(4,5))	128	315
(((1,2),3),(4,5))	(((1,2),3),(4,5))	129	256
(((1,2),3),(4,5))	(((1,2),3),(4,5))	130	297
(((1,2),3),(4,5))	(((1,2),3),(4,5))	131	279
(((1,2),3),(4,5))	(((1,2),3),(4,5))	132	312
(((1,2),3),(4,5))	(((1,2),3),(4,5))	133	260
(((1,2),3),(4,5))	(((1,2),3),(4,5))	134	267
(((1,2),3),(4,5))	(((1,2),3),(4,5))	135	254
(((1,2),3),(4,5))	(((1,2),3),(4,5))	136	266
(((1,2),3),(4,5))	(((1,2),3),(4,5))	137	273
(((1,2),3),(4,5))	(((1,2),3),(4,5))	138	276
(((1,2),3),(4,5))	(((1,2),3),(4,5))	139	275
(((1,2),3),(4,5))	(((1,2),3),(4,5))	140	253
(((1,2),3),(4,5))	(((1,2),3),(4,5))	141	263
(((1,2),3),(4,5))	(((1,2),3),(4,5))	142	248
(((1,2),3),(4,5))	(((1,2),3),(4,5))	143	240
(((1,2),3),(4,5))	(((1,2),3),(4,5))	144	221
(((1,2),3),(4,5))	(((1,2),3),(4,5))	145	252
(((1,2),3),(4,5))	(((1,2),3),(4,5))	146	220
(((1,2),3),(4,5))	(((1,2),3),(4,5))	147	245
(((1,2),3),(4,5))	(((1,2),3),(4,5))	148	196
(((1,2),3),(4,5))	(((1,2),3),(4,5))	149	211
(((1,2),3),(4,5))	(((1,2),3),(4,5))	150	221
(((1,2),3),(4,5))	(((1,2),3),(4,5))	151	196
(((1,2),3),(4,5))	(((1,2),3),(4,5))	152	210
(((1,2),3),(4,5))	(((1,2),3),(4,5))	153	205
(((1,2),3),(4,5))	(((1,2),3),(4,5))	154	161
(((1,2),3),(4,5))	(((1,2),3),(4,5))	155	192
(((1,2),3),(4,5))	(((1,2),3),(4,5))	156	182
(((1,2),3),(4,5))	(((1,2),3),(4,5))	157	190
(((1,2),3),(4,5))	(((1,2),3),(4,5))	158	185
(((1,2),3),(4,5))	(((1,2),3),(4,5))	159	178
(((1,2),3),(4,5))	(((1,2),3),(4,5))	160	159
(((1,2),3),(4,5))	(((1,2),3),(4,5))	161	166
(((1,2),3),(4,5))	(((1,2),3),(4,5))	162	178
(((1,2),3),(4,5))	(((1,2),3),(4,5))	163	167
(((1,2),3),(4,5))	(((1,2),3),(4,5))	164	162
(((1,2),3),(4,5))	(((1,2),3),(4,5))	165	139
(((1,2),3),(4,5))	(((1,2),3),(4,5))	166	122
(((1,2),3),(4,5))	(((1,2),3),(4,5))	167	156
(((1,2),3),(4,5))	(((1,2),3),(4,5))	168	144
(((1,2),3),(4,5))	(((1,2),3),(4,5))	169	149
(((1,2),3),(4,5))	(((1,2),3),(4,5))	170	157
(((1,2),3),(4,5))	(((1,2),3),(4,5))	171	144
(((1,2),3),(4,5))	(((1,2),3),(4,5))	172	132
(((1,2),3),(4,5))	(((1,2),3),(4,5))	173	155
(((1,2),3),(4,5))	(((1,2),3),(4,5))	174	125
(((1,2),3),(4,5))	(((1,2),3),(4,5))	175	134
(((1,2),3),(4,5))	(((1,2),3),(4,5))	176	127
(((1,2),3),(4,5))	(((1,2),3),(4,5))	177	105
(((1,2),3),(4,5))	(((1,2),3),(4,5))	178	118
(((1,2),3),(4,5))	(((1,2),3),(4,5))	179	122
(((1,2),3),(4,5))	(((1,2),3),(4,5))	180	109
(((1,2),3),(4,5))	(((1,2),3),(4,5))	181	105
(((1,2),3),(4,5))	(((1,2),3),(4,5))	182	104
(((1,2),3),(4,5))	(((1,2),3),(4,5))	183	115
(((1,2),3),(4,5))	(((1,2),3),(4,5))	184	99
(((1,2),3),(4,5))	(((1,2),3),(4,5))	185	100
(((1,2),3),(4,5))	(((1,2),3),(4,5))	186	119
(((1,2),3),(4,5))	(((1,2),3),(4,5))	187	109
(((1,2),3),(4,5))	(((1,2),3),(4,5))	188	117
(((1,2),3),(4,5))	(((1,2),3),(4,5))	189	86
(((1,2),3),(4,5))	(((1,2),3),(4,5))	190	87
(((1,2),3),(4,5))	(((1,2),3),(4,5))	191	101
(((1,2),3),(4,5))	(((1,2),3),(4,5))	192	91
(((1,2),3),(4,5))	(((1,2),3),(4,5))	193	96
(((1,2),3),(4,5))	(((1,2),3),(4,5))	194	90
(((1,2),3),(4,5))	(((1,2),3),(4,5))	195	77
(((1,2),3),(4,5))	(((1,2),3),(4,5))	196	80
(((1,2),3),(4,5))	(((1,2),3),(4,5))	197	68
(((1,2),3),(4,5))	(((1,2),3),(4,5))	198	76
(((1,2),3),(4,5))	(((1,2),3),(4,5))	199	85
(((1,2),3),(4,5))	(((1,2),3),(4,5))	200	66
(((1,2),3),(4,5))	(((1,2),3),(4,5))	201	81
(((1,2),3),(4,5))	(((1,2),3),(4,5))	202	77
(((1,2),3),(4,5))	(((1,2),3),(4,5))	203	71
(((1,2),3),(4,5))	(((1,2),3),(4,5))	204	71
(((1,2),3),(4,5))	(((1,2),3),(4,5))	205	72
(((1,2),3),(4,5))	(((1,2),3),(4,5))	206	68
(((1,2),3),(4,5))	(((1,2),3),(4,5))	207	63
(((1,2),3),(4,5))	(((1,2),3),(4,5))	208	69
(((1,2),3),(4,5))	(((1,2),3),(4,5))	209	62
(((1,2),3),(4,5))	(((1,2),3),(4,5))	210	60
(((1,2),3),(4,5))	(((1,2),3),(4,5))	211	75
(((1,2),3),(4,5))	(((1,2),3),(4,5))	212	65
(((1,2),3),(4,5))	(((1,2),3),(4,5))	213	68
(((1,2),3),(4,5))	(((1,2),3),(4,5))	214	75
(((1,2),3),(4,5))	(((1,2),3),(4,5))	215	63
(((1,2),3),(4,5))	(((1,2),3),(4,5))	216	51
(((1,2),3),(4,5))	(((1,2),3),(4,5))	217	59
(((1,2),3),(4,5))	(((1,2),3),(4,5))	218	56
(((1,2),3),(4,5))	(((1,2),3),(4,5))	219	51
(((1,2),3),(4,5))	(((1,2),3),(4,5))	220	41
(((1,2),3),(4,5))	(((1,2),3),(4,5))	221	61
(((1,2),3),(4,5))	(((1,2),3),(4,5))	222	54
(((1,2),3),(4,5))	(((1,2),3),(4,5))	223	47
(((1,2),3),(4,5))	(((1,2),3),(4,5))	224	50
(((1,2),3),(4,5))	(((1,2),3),(4,5))	225	37
(((1,2),3),(4,5))	(((1,2),3),(4,5))	226	49
(((1,2),3),(4,5))	(((1,2),3),(4,5))	227	41
(((1,2),3),(4,5))	(((1,2),3),(4,5))	228	41
(((1,2),3),(4,5))	(((1,2),3),(4,5))	229	61
(((1,2),3),(4,5))	(((1,2),3),(4,5))	230	55
(((1,2),3),(4,5))	(((1,2),3),(4,5))	231	30
(((1,2),3),(4,5))	(((1,2),3),(4,5))	232	43
(((1,2),3),(4,5))	(((1,2),3),(4,5))	233	32
(((1,2),3),(4,5))	(((1,2),3),(4,5))	234	39
(((1,2),3),(4,5))	(((1,2),3),(4,5))	235	47
(((1,2),3),(4,5))	(((1,2),3),(4,5))	236	53
(((1,2),3),(4,5))	(((1,2),3),(4,5))	237	39
(((1,2),3),(4,5))	(((1,2),3),(4,5))	238	35
(((1,2),3),(4,5))	(((1,2),3),(4,5))	239	43
(((1,2),3),(4,5))	(((1,2),3),(4,5))	240	46
(((1,2),3),(4,5))	(((1,2),3),(4,5))	241	36
(((1,2),3),(4,5))	(((1,2),3),(4,5))	242	37
(((1,2),3),(4,5))	(((1,2),3),(4,5))	243	40
(((1,2),3),(4,5))	(((1,2),3),(4,5))	244	23
(((1,2),3),(4,5))	(((1,2),3),(4,5))	245	32
(((1,2),3),(4,5))	(((1,2),3),(4,5))	246	34
(((1,2),3),(4,5))	(((1,2),3),(4,5))	247	35
(((1,2),3),(4,5))	(((1,2),3),(4,5))	248	24
(((1,2),3),(4,5))	(((1,2),3),(4,5))	249	29
(((1,2),3),(4,5))	(((1,2),3),(4,5))	250	27
(((1,2),3),(4,5))	(((1,2),3),(4,5))	251	19
(((1,2),3),(4,5))	(((1,2),3),(4,5))	252	27
(((1,2),3),(4,5))	(((1,2),3),(4,5))	253	33
(((1,2),3),(4,5))	(((1,2),3),(4,5))	254	31
(((1,2),3),(4,5))	(((1,2),3),(4,5))	255	25
(((1,2),3),(4,5))	(((1,2),3),(4,5))	256	31
(((1,2),3),(4,5))	(((1,2),3),(4,5))	257	12
(((1,2),3),(4,5))	(((1,2),3),(4,5))	258	35
(((1,2),3),(4,5))	(((1,2),3),(4,5))	259	28
(((1,2),3),(4,5))	(((1,2),3),(4,5))	260	20
(((1,2),3),(4,5))	(((1,2),3),(4,5))	261	26
(((1,2),3),(4,5))	(((1,2),3),(4,5))	262	25
(((1,2),3),(4,5))	(((1,2),3),(4,5))	263	15
(((1,2),3),(4,5))	(((1,2),3),(4,5))	264	17
(((1,2),3),(4,5))	(((1,2),3),(4,5))	265	19
(((1,2),3),(4,5))	(((1,2),3),(4,5))	266	27
(((1,2),3),(4,5))	(((1,2),3),(4,5))	267	20
(((1,2),3),(4,5))	(((1,2),3),(4,5))	268	21
(((1,2),3),(4,5))	(((1,2),3),(4,5))	269	22
(((1,2),3),(4,5))	(((1,2),3),(4,5))	270	20
(((1,2),3),(4,5))	(((1,2),3),(4,5))	271	31
(((1,2),3),(4,5))	(((1,2),3),(4,5))	272	19
(((1,2),3),(4,5))	(((1,2),3),(4,5))	273	20
(((1,2),3),(4,5))	(((1,2),3),(4,5))	274	26
(((1,2),3),(4,5))	(((1,2),3),(4,5))	275	24
(((1,2),3),(4,5))	(((1,2),3),(4,5))	276	24
(((1,2),3),(4,5))	(((1,2),3),(4,5))	277	23
(((1,2),3),(4,5))	(((1,2),3),(4,5))	278	13
(((1,2),3),(4,5))	(((1,2),3),(4,5))	279	20
(((1,2),3),(4,5))	(((1,2),3),(4,5))	280	15
(((1,2),3),(4,5))	(((1,2),3),(4,5))	281	19
(((1,2),3),(4,5))	(((1,2),3),(4,5))	282	15
(((1,2),3),(4,5))	(((1,2),3),(4,5))	283	21
(((1,2),3),(4,5))	(((1,2),3),(4,5))	284	18
(((1,2),3),(4,5))	(((1,2),3),(4,5))	285	23
(((1,2),3),(4,5))	(((1,2),3),(4,5))	286	18
(((1,2),3),(4,5))	(((1,2),3),(4,5))	287	15
(((1,2),3),(4,5))	(((1,2),3),(4,5))	288	9
(((1,2),3),(4,5))	(((1,2),3),(4,5))	289	16
(((1,2),3),(4,5))	(((1,2),3),(4,5))	290	16
(((1,2),3),(4,5))	(((1,2),3),(4,5))	291	15
(((1,2),3),(4,5))	(((1,2),3),(4,5))	292	15
(((1,2),3),(4,5))	(((1,2),3),(4,5))	293	18
(((1,2),3),(4,5))	(((1,2),3),(4,5))	294	9
(((1,2),3),(4,5))	(((1,2),3),(4,5))	295	12
(((1,2),3),(4,5))	(((1,2),3),(4,5))	296	15
(((1,2),3),(4,5))	(((1,2),3),(4,5))	297	10
(((1,2),3),(4,5))	(((1,2),3),(4,5))	298	18
(((1,2),3),(4,5))	(((1,2),3),(4,5))	299	13
(((1,2),3),(4,5))	(((1,2),3),(4,5))	300	11
(((1,2),3),(4,5))	(((1,2),3),(4,5))	301	17
(((1,2),3),(4,5))	(((1,2),3),(4,5))	302	16
(((1,2),3),(4,5))	(((1,2),3),(4,5))	303	9
(((1,2),3),(4,5))	(((1,2),3),(4,5))	304	11
(((1,2),3),(4,5))	(((1,2),3),(4,5))	305	8
(((1,2),3),(4,5))	(((1,2),3),(4,5))	306	8
(((1,2),3),(4,5))	(((1,2),3),(4,5))	307	15
(((1,2),3),(4,5))	(((1,2),3),(4,5))	308	11
(((1,2),3),(4,5))	(((1,2),3),(4,5))	309	11
(((1,2),3),(4,5))	(((1,2),3),(4,5))	310	8
(((1,2),3),(4,5))	(((1,2),3),(4,5))	311	12
(((1,2),3),(4,5))	(((1,2),3),(4,5))	312	14
(((1,2),3),(4,5))	(((1,2),3),(4,5))	313	8
(((1,2),3),(4,5))	(((1,2),3),(4,5))	314	10
(((1,2),3),(4,5))	(((1,2),3),(4,5))	315	11
(((1,2),3),(4,5))	(((1,2),3),(4,5))	316	7
(((1,2),3),(4,5))	(((1,2),3),(4,5))	317	9
(((1,2),3),(4,5))	(((1,2),3),(4,5))	318	5
(((1,2),3),(4,5))	(((1,2),3),(4,5))	319	8
(((1,2),3),(4,5))	(((1,2),3),(4,5))	320	8
(((1,2),3),(4,5))	(((1,2),3),(4,5))	321	11
(((1,2),3),(4,5))	(((1,2),3),(4,5))	322	7
(((1,2),3),(4,5))	(((1,2),3),(4,5))	323	5
(((1,2),3),(4,5))	(((1,2),3),(4,5))	324	16
(((1,2),3),(4,5))	(((1,2),3),(4,5))	325	7
(((1,2),3),(4,5))	(((1,2),3),(4,5))	326	5
(((1,2),3),(4,5))	(((1,2),3),(4,5))	327	4
(((1,2),3),(4,5))	(((1,2),3),(4,5))	328	4
(((1,2),3),(4,5))	(((1,2),3),(4,5))	329	4
(((1,2),3),(4,5))	(((1,2),3),(4,5))	330	8
(((1,2),3),(4,5))	(((1,2),3),(4,5))	331	9
(((1,2),3),(4,5))	(((1,2),3),(4,5))	332	10
(((1,2),3),(4,5))	(((1,2),3),(4,5))	333	4
(((1,2),3),(4,5))	(((1,2),3),(4,5))	334	5
(((1,2),3),(4,5))	(((1,2),3),(4,5))	335	8
(((1,2),3),(4,5))	(((1,2),3),(4,5))	336	8
(((1,2),3),(4,5))	(((1,2),3),(4,5))	337	9
(((1,2),3),(4,5))	(((1,2),3),(4,5))	338	3
(((1,2),3),(4,5))	(((1,2),3),(4,5))	339	5
(((1,2),3),(4,5))	(((1,2),3),(4,5))	340	7
(((1,2),3),(4,5))	(((1,2),3),(4,5))	341	1
(((1,2),3),(4,5))	(((1,2),3),(4,5))	342	7
(((1,2),3),(4,5))	(((1,2),3),(4,5))	343	3
(((1,2),3),(4,5))	(((1,2),3),(4,5))	344	5
(((1,2),3),(4,5))	(((1,2),3),(4,5))	345	2
(((1,2),3),(4,5))	(((1,2),3),(4,5))	346	6
(((1,2),3),(4,5))	(((1,2),3),(4,5))	347	5
(((1,2),3),(4,5))	(((1,2),3),(4,5))	348	2
(((1,2),3),(4,5))	(((1,2),3),(4,5))	349	10
(((1,2),3),(4,5))	(((1,2),3),(4,5))	350	2
(((1,2),3),(4,5))	(((1,2),3),(4,5))	351	5
(((1,2),3),(4,5))	(((1,2),3),(4,5))	352	6
(((1,2),3),(4,5))	(((1,2),3),(4,5))	353	2
(((1,2),3),(4,5))	(((1,2),3),(4,5))	354	11
(((1,2),3),(4,5))	(((1,2),3),(4,5))	355	8
(((1,2),3),(4,5))	(((1,2),3),(4,5))	356	4
(((1,2),3),(4,5))	(((1,2),3),(4,5))	357	6
(((1,2),3),(4,5))	(((1,2),3),(4,5))	358	5
(((1,2),3),(4,5))	(((1,2),3),(4,5))	359	1
(((1,2),3),(4,5))	(((1,2),3),(4,5))	360	6
(((1,2),3),(4,5))	(((1,2),3),(4,5))	362	2
(((1,2),3),(4,5))	(((1,2),3),(4,5))	363	4
(((1,2),3),(4,5))	(((1,2),3),(4,5))	364	1
(((1,2),3),(4,5))	(((1,2),3),(4,5))	365	3
(((1,2),3),(4,5))	(((1,2),3),(4,5))	366	3
(((1,2),3),(4,5))	(((1,2),3),(4,5))	369	7
(((1,2),3),(4,5))	(((1,2),3),(4,5))	370	4
(((1,2),3),(4,5))	(((1,2),3),(4,5))	372	4
(((1,2),3),(4,5))	(((1,2),3),(4,5))	373	3
(((1,2),3),(4,5))	(((1,2),3),(4,5))	374	4
(((1,2),3),(4,5))	(((1,2),3),(4,5))	375	3
(((1,2),3),(4,5))	(((1,2),3),(4,5))	376	4
(((1,2),3),(4,5))	(((1,2),3),(4,5))	377	4
(((1,2),3),(4,5))	(((1,2),3),(4,5))	378	3
(((1,2),3),(4,5))	(((1,2),3),(4,5))	379	3
(((1,2),3),(4,5))	(((1,2),3),(4,5))	380	3
(((1,2),3),(4,5))	(((1,2),3),(4,5))	381	2
(((1,2),3),(4,5))	(((1,2),3),(4,5))	382	2
(((1,2),3),(4,5))	(((1,2),3),(4,5))	383	4
(((1,2),3),(4,5))	(((1,2),3),(4,5))	385	3
(((1,2),3),(4,5))	(((1,2),3),(4,5))	387	2
(((1,2),3),(4,5))	(((1,2),3),(4,5))	388	2
(((1,2),3),(4,5))	(((1,2),3),(4,5))	389	1
(((1,2),3),(4,5))	(((1,2),3),(4,5))	391	2
(((1,2),3),(4,5))	(((1,2),3),(4,5))	392	1
(((1,2),3),(4,5))	(((1,2),3),(4,5))	393	2
(((1,2),3),(4,5))	(((1,2),3),(4,5))	394	1
(((1,2),3),(4,5))	(((1,2),3),(4,5))	395	1
(((1,2),3),(4,5))	(((1,2),3),(4,5))	396	2
(((1,2),3),(4,5))	(((1,2),3),(4,5))	397	6
(((1,2),3),(4,5))	(((1,2),3),(4,5))	398	3
(((1,2),3),(4,5))	(((1,2),3),(4,5))	399	2
(((1,2),3),(4,5))	(((1,2),3),(4,5))	400	4
(((1,2),3),(4,5))	(((1,2),3),(4,5))	401	3
(((1,2),3),(4,5))	(((1,2),3),(4,5))	402	1
(((1,2),3),(4,5))	(((1,2),3),(4,5))	403	2
(((1,2),3),(4,5))	(((1,2),3),(4,5))	404	2
(((1,2),3),(4,5))	(((1,2),3),(4,5))	405	4
(((1,2),3),(4,5))	(((1,2),3),(4,5))	406	2
(((1,2),3),(4,5))	(((1,2),3),(4,5))	408	3
(((1,2),3),(4,5))	(((1,2),3),(4,5))	409	2
(((1,2),3),(4,5))	(((1,2),3),(4,5))	410	1
(((1,2),3),(4,5))	(((1,2),3),(4,5))	412	2
(((1,2),3),(4,5))	(((1,2),3),(4,5))	413	2
(((1,2),3),(4,5))	(((1,2),3),(4,5))	414	1
(((1,2),3),(4,5))	(((1,2),3),(4,5))	415	1
(((1,2),3),(4,5))	(((1,2),3),(4,5))	416	4
(((1,2),3),(4,5))	(((1,2),3),(4,5))	417	1
(((1,2),3),(4,5))	(((1,2),3),(4,5))	419	2
(((1,2),3),(4,5))	(((1,2),3),(4,5))	420	1
(((1,2),3),(4,5))	(((1,2),3),(4,5))	421	1
(((1,2),3),(4,5))	(((1,2),3),(4,5))	422	1
(((1,2),3),(4,5))	(((1,2),3),(4,5))	423	1
(((1,2),3),(4,5))	(((1,2),3),(4,5))	424	2
(((1,2),3),(4,5))	(((1,2),3),(4,5))	425	2
(((1,2),3),(4,5))	(((1,2),3),(4,5))	426	3
(((1,2),3),(4,5))	(((1,2),3),(4,5))	427	1
(((1,2),3),(4,5))	(((1,2),3),(4,5))	428	1
(((1,2),3),(4,5))	(((1,2),3),(4,5))	432	1
(((1,2),3),(4,5))	(((1,2),3),(4,5))	433	1
(((1,2),3),(4,5))	(((1,2),3),(4,5))	434	2
(((1,2),3),(4,5))	(((1,2),3),(4,5))	435	1
(((1,2),3),(4,5))	(((1,2),3),(4,5))	440	1
(((1,2),3),(4,5))	(((1,2),3),(4,5))	441	1
(((1,2),3),(4,5))	(((1,2),3),(4,5))	443	2
(((1,2),3),(4,5))	(((1,2),3),(4,5))	444	1
(((1,2),3),(4,5))	(((1,2),3),(4,5))	447	3
(((1,2),3),(4,5))	(((1,2),3),(4,5))	448	1
(((1,2),3),(4,5))	(((1,2),3),(4,5))	449	1
(((1,2),3),(4,5))	(((1,2),3),(4,5))	451	2
(((1,2),3),(4,5))	(((1,2),3),(4,5))	452	2
(((1,2),3),(4,5))	(((1,2),3),(4,5))	453	2
(((1,2),3),(4,5))	(((1,2),3),(4,5))	456	2
(((1,2),3),(4,5))	(((1,2),3),(4,5))	457	1
(((1,2),3),(4,5))	(((1,2),3),(4,5))	459	1
(((1,2),3),(4,5))	(((1,2),3),(4,5))	460	1
(((1,2),3),(4,5))	(((1,2),3),(4,5))	461	1
(((1,2),3),(4,5))	(((1,2),3),(4,5))	462	1
(((1,2),3),(4,5))	(((1,2),3),(4,5))	464	1
(((1,2),3),(4,5))	(((1,2),3),(4,5))	466	1
(((1,2),3),(4,5))	(((1,2),3),(4,5))	467	1
(((1,2),3),(4,5))	(((1,2),3),(4,5))	470	3
(((1,2),3),(4,5))	(((1,2),3),(4,5))	471	1
(((1,2),3),(4,5))	(((1,2),3),(4,5))	474	1
(((1,2),3),(4,5))	(((1,2),3),(4,5))	475	1
(((1,2),3),(4,5))	(((1,2),3),(4,5))	479	1
(((1,2),3),(4,5))	(((1,2),3),(4,5))	481	1
(((1,2),3),(4,5))	(((1,2),3),(4,5))	483	1
(((1,2),3),(4,5))	(((1,2),3),(4,5))	485	1
(((1,2),3),(4,5))	(((1,2),3),(4,5))	487	1
(((1,2),3),(4,5))	(((1,2),3),(4,5))	490	1
(((1,2),3),(4,5))	(((1,2),3),(4,5))	491	1
(((1,2),3),(4,5))	(((1,2),3),(4,5))	492	1
(((1,2),3),(4,5))	(((1,2),3),(4,5))	497	3
(((1,2),3),(4,5))	(((1,2),3),(4,5))	500	3
(((1,2),3),(4,5))	(((1,2),3),(4,5))	502	2
(((1,2),3),(4,5))	(((1,2),3),(4,5))	503	1
(((1,2),3),(4,5))	(((1,2),3),(4,5))	510	1
(((1,2),3),(4,5))	(((1,2),3),(4,5))	514	1
(((1,2),3),(4,5))	(((1,2),3),(4,5))	515	1
(((1,2),3),(4,5))	(((1,2),3),(4,5))	522	1
(((1,2),3),(4,5))	(((1,2),3),(4,5))	528	1
(((1,2),3),(4,5))	(((1,2),3),(4,5))	529	1
(((1,2),3),(4,5))	(((1,2),3),(4,5))	537	1
(((1,2),3),(4,5))	(((1,2),3),(4,5))	631	2
(((1,2),3),(4,5))	(((1,2),3),(4,5))	727	1
(((1,2),3),(4,5))	((1,(2,3)),(4,5))	1	6949
(((1,2),3),(4,5))	((1,(2,3)),(4,5))	2	5780
(((1,2),3),(4,5))	((1,(2,3)),(4,5))	3	4883
(((1,2),3),(4,5))	((1,(2,3)),(4,5))	4	4312
(((1,2),3),(4,5))	((1,(2,3)),(4,5))	5	3921
(((1,2),3),(4,5))	((1,(2,3)),(4,5))	6	3612
(((1,2),3),(4,5))	((1,(2,3)),(4,5))	7	3415
(((1,2),3),(4,5))	((1,(2,3)),(4,5))	8	3350
(((1,2),3),(4,5))	((1,(2,3)),(4,5))	9	3326
(((1,2),3),(4,5))	((1,(2,3)),(4,5))	10	3097
(((1,2),3),(4,5))	((1,(2,3)),(4,5))	11	3079
(((1,2),3),(4,5))	((1,(2,3)),(4,5))	12	3021
(((1,2),3),(4,5))	((1,(2,3)),(4,5))	13	2900
(((1,2),3),(4,5))	((1,(2,3)),(4,5))	14	2919
(((1,2),3),(4,5))	((1,(2,3)),(4,5))	15	2731
(((1,2),3),(4,5))	((1,(2,3)),(4,5))	16	2652
(((1,2),3),(4,5))	((1,(2,3)),(4,5))	17	2653
(((1,2),3),(4,5))	((1,(2,3)),(4,5))	18	2588
(((1,2),3),(4,5))	((1,(2,3)),(4,5))	19	2541
(((1,2),3),(4,5))	((1,(2,3)),(4,5))	20	2570
(((1,2),3),(4,5))	((1,(2,3)),(4,5))	21	2518
(((1,2),3),(4,5))	((1,(2,3)),(4,5))	22	2327
(((1,2),3),(4,5))	((1,(2,3)),(4,5))	23	2303
(((1,2),3),(4,5))	((1,(2,3)),(4,5))	24	2232
(((1,2),3),(4,5))	((1,(2,3)),(4,5))	25	2317
(((1,2),3),(4,5))	((1,(2,3)),(4,5))	26	2197
(((1,2),3),(4,5))	((1,(2,3)),(4,5))	27	2174
(((1,2),3),(4,5))	((1,(2,3)),(4,5))	28	2110
(((1,2),3),(4,5))	((1,(2,3)),(4,5))	29	2101
(((1,2),3),(4,5))	((1,(2,3)),(4,5))	30	2092
(((1,2),3),(4,5))	((1,(2,3)),(4,5))	31	1953
(((1,2),3),(4,5))	((1,(2,3)),(4,5))	32	2013
(((1,2),3),(4,5))	((1,(2,3)),(4,5))	33	1979
(((1,2),3),(4,5))	((1,(2,3)),(4,5))	34	1837
(((1,2),3),(4,5))	((1,(2,3)),(4,5))	35	1854
(((1,2),3),(4,5))	((1,(2,3)),(4,5))	36	1847
(((1,2),3),(4,5))	((1,(2,3)),(4,5))	37	1706
(((1,2),3),(4,5))	((1,(2,3)),(4,5))	38	1658
(((1,2),3),(4,5))	((1,(2,3)),(4,5))	39	1721
(((1,2),3),(4,5))	((1,(2,3)),(4,5))	40	1684
(((1,2),3),(4,5))	((1,(2,3)),(4,5))	41	1523
(((1,2),3),(4,5))	((1,(2,3)),(4,5))	42	1586
(((1,2),3),(4,5))	((1,(2,3)),(4,5))	43	1579
(((1,2),3),(4,5))	((1,(2,3)),(4,5))	44	1520
(((1,2),3),(4,5))	((1,(2,3)),(4,5))	45	1448
(((1,2),3),(4,5))	((1,(2,3)),(4,5))	46	1484
(((1,2),3),(4,5))	((1,(2,3)),(4,5))	47	1487
(((1,2),3),(4,5))	((1,(2,3)),(4,5))	48	1362
(((1,2),3),(4,5))	((1,(2,3)),(4,5))	49	1431
(((1,2),3),(4,5))	((1,(2,3)),(4,5))	50	1378
(((1,2),3),(4,5))	((1,(2,3)),(4,5))	51	1378
(((1,2),3),(4,5))	((1,(2,3)),(4,5))	52	1297
(((1,2),3),(4,5))	((1,(2,3)),(4,5))	53	1311
(((1,2),3),(4,5))	((1,(2,3)),(4,5))	54	1205
(((1,2),3),(4,5))	((1,(2,3)),(4,5))	55	1176
(((1,2),3),(4,5))	((1,(2,3)),(4,5))	56	1222
(((1,2),3),(4,5))	((1,(2,3)),(4,5))	57	1240
(((1,2),3),(4,5))	((1,(2,3)),(4,5))	58	1142
(((1,2),3),(4,5))	((1,(2,3)),(4,5))	59	1126
(((1,2),3),(4,5))	((1,(2,3)),(4,5))	60	1123
(((1,2),3),(4,5))	((1,(2,3)),(4,5))	61	1034
(((1,2),3),(4,5))	((1,(2,3)),(4,5))	62	1031
(((1,2),3),(4,5))	((1,(2,3)),(4,5))	63	1003
(((1,2),3),(4,5))	((1,(2,3)),(4,5))	64	1018
(((1,2),3),(4,5))	((1,(2,3)),(4,5))	65	988
(((1,2),3),(4,5))	((1,(2,3)),(4,5))	66	1014
(((1,2),3),(4,5))	((1,(2,3)),(4,5))	67	968
(((1,2),3),(4,5))	((1,(2,3)),(4,5))	68	971
(((1,2),3),(4,5))	((1,(2,3)),(4,5))	69	943
(((1,2),3),(4,5))	((1,(2,3)),(4,5))	70	906
(((1,2),3),(4,5))	((1,(2,3)),(4,5))	71	889
(((1,2),3),(4,5))	((1,(2,3)),(4,5))	72	913
(((1,2),3),(4,5))	((1,(2,3)),(4,5))	73	877
(((1,2),3),(4,5))	((1,(2,3)),(4,5))	74	884
(((1,2),3),(4,5))	((1,(2,3)),(4,5))	75	868
(((1,2),3),(4,5))	((1,(2,3)),(4,5))	76	831
(((1,2),3),(4,5))	((1,(2,3)),(4,5))	77	783
(((1,2),3),(4,5))	((1,(2,3)),(4,5))	78	819
(((1,2),3),(4,5))	((1,(2,3)),(4,5))	79	801
(((1,2),3),(4,5))	((1,(2,3)),(4,5))	80	737
(((1,2),3),(4,5))	((1,(2,3)),(4,5))	81	735
(((1,2),3),(4,5))	((1,(2,3)),(4,5))	82	738
(((1,2),3),(4,5))	((1,(2,3)),(4,5))	83	740
(((1,2),3),(4,5))	((1,(2,3)),(4,5))	84	699
(((1,2),3),(4,5))	((1,(2,3)),(4,5))	85	682
(((1,2),3),(4,5))	((1,(2,3)),(4,5))	86	691
(((1,2),3),(4,5))	((1,(2,3)),(4,5))	87	702
(((1,2),3),(4,5))	((1,(2,3)),(4,5))	88	607
(((1,2),3),(4,5))	((1,(2,3)),(4,5))	89	611
(((1,2),3),(4,5))	((1,(2,3)),(4,5))	90	601
(((1,2),3),(4,5))	((1,(2,3)),(4,5))	91	643
(((1,2),3),(4,5))	((1,(2,3)),(4,5))	92	573
(((1,2),3),(4,5))	((1,(2,3)),(4,5))	93	585
(((1,2),3),(4,5))	((1,(2,3)),(4,5))	94	589
(((1,2),3),(4,5))	((1,(2,3)),(4,5))	95	551
(((1,2),3),(4,5))	((1,(2,3)),(4,5))	96	571
(((1,2),3),(4,5))	((1,(2,3)),(4,5))	97	558
(((1,2),3),(4,5))	((1,(2,3)),(4,5))	98	512
(((1,2),3),(4,5))	((1,(2,3)),(4,5))	99	544
(((1,2),3),(4,5))	((1,(2,3)),(4,5))	100	493
(((1,2),3),(4,5))	((1,(2,3)),(4,5))	101	498
(((1,2),3),(4,5))	((1,(2,3)),(4,5))	102	508
(((1,2),3),(4,5))	((1,(2,3)),(4,5))	103	510
(((1,2),3),(4,5))	((1,(2,3)),(4,5))	104	472
(((1,2),3),(4,5))	((1,(2,3)),(4,5))	105	495
(((1,2),3),(4,5))	((1,(2,3)),(4,5))	106	504
(((1,2),3),(4,5))	((1,(2,3)),(4,5))	107	420
(((1,2),3),(4,5))	((1,(2,3)),(4,5))	108	467
(((1,2),3),(4,5))	((1,(2,3)),(4,5))	109	396
(((1,2),3),(4,5))	((1,(2,3)),(4,5))	110	407
(((1,2),3),(4,5))	((1,(2,3)),(4,5))	111	420
(((1,2),3),(4,5))	((1,(2,3)),(4,5))	112	429
(((1,2),3),(4,5))	((1,(2,3)),(4,5))	113	379
(((1,2),3),(4,5))	((1,(2,3)),(4,5))	114	358
(((1,2),3),(4,5))	((1,(2,3)),(4,5))	115	382
(((1,2),3),(4,5))	((1,(2,3)),(4,5))	116	397
(((1,2),3),(4,5))	((1,(2,3)),(4,5))	117	352
(((1,2),3),(4,5))	((1,(2,3)),(4,5))	118	367
(((1,2),3),(4,5))	((1,(2,3)),(4,5))	119	330
(((1,2),3),(4,5))	((1,(2,3)),(4,5))	120	362
(((1,2),3),(4,5))	((1,(2,3)),(4,5))	121	324
(((1,2),3),(4,5))	((1,(2,3)),(4,5))	122	343
(((1,2),3),(4,5))	((1,(2,3)),(4,5))	123	352
(((1,2),3),(4,5))	((1,(2,3)),(4,5))	124	316
(((1,2),3),(4,5))	((1,(2,3)),(4,5))	125	322
(((1,2),3),(4,5))	((1,(2,3)),(4,5))	126	326
(((1,2),3),(4,5))	((1,(2,3)),(4,5))	127	269
(((1,2),3),(4,5))	((1,(2,3)),(4,5))	128	300
(((1,2),3),(4,5))	((1,(2,3)),(4,5))	129	291
(((1,2),3),(4,5))	((1,(2,3)),(4,5))	130	267
(((1,2),3),(4,5))	((1,(2,3)),(4,5))	131	281
(((1,2),3),(4,5))	((1,(2,3)),(4,5))	132	289
(((1,2),3),(4,5))	((1,(2,3)),(4,5))	133	260
(((1,2),3),(4,5))	((1,(2,3)),(4,5))	134	290
(((1,2),3),(4,5))	((1,(2,3)),(4,5))	135	260
(((1,2),3),(4,5))	((1,(2,3)),(4,5))	136	276
(((1,2),3),(4,5))	((1,(2,3)),(4,5))	137	237
(((1,2),3),(4,5))	((1,(2,3)),(4,5))	138	246
(((1,2),3),(4,5))	((1,(2,3)),(4,5))	139	231
(((1,2),3),(4,5))	((1,(2,3)),(4,5))	140	227
(((1,2),3),(4,5))	((1,(2,3)),(4,5))	141	211
(((1,2),3),(4,5))	((1,(2,3)),(4,5))	142	215
(((1,2),3),(4,5))	((1,(2,3)),(4,5))	143	226
(((1,2),3),(4,5))	((1,(2,3)),(4,5))	144	225
(((1,2),3),(4,5))	((1,(2,3)),(4,5))	145	214
(((1,2),3),(4,5))	((1,(2,3)),(4,5))	146	216
(((1,2),3),(4,5))	((1,(2,3)),(4,5))	147	213
(((1,2),3),(4,5))	((1,(2,3)),(4,5))	148	217
(((1,2),3),(4,5))	((1,(2,3)),(4,5))	149	213
(((1,2),3),(4,5))	((1,(2,3)),(4,5))	150	221
(((1,2),3),(4,5))	((1,(2,3)),(4,5))	151	178
(((1,2),3),(4,5))	((1,(2,3)),(4,5))	152	191
(((1,2),3),(4,5))	((1,(2,3)),(4,5))	153	199
(((1,2),3),(4,5))	((1,(2,3)),(4,5))	154	196
(((1,2),3),(4,5))	((1,(2,3)),(4,5))	155	180
(((1,2),3),(4,5))	((1,(2,3)),(4,5))	156	185
(((1,2),3),(4,5))	((1,(2,3)),(4,5))	157	154
(((1,2),3),(4,5))	((1,(2,3)),(4,5))	158	157
(((1,2),3),(4,5))	((1,(2,3)),(4,5))	159	190
(((1,2),3),(4,5))	((1,(2,3)),(4,5))	160	160
(((1,2),3),(4,5))	((1,(2,3)),(4,5))	161	174
(((1,2),3),(4,5))	((1,(2,3)),(4,5))	162	145
(((1,2),3),(4,5))	((1,(2,3)),(4,5))	163	163
(((1,2),3),(4,5))	((1,(2,3)),(4,5))	164	160
(((1,2),3),(4,5))	((1,(2,3)),(4,5))	165	144
(((1,2),3),(4,5))	((1,(2,3)),(4,5))	166	146
(((1,2),3),(4,5))	((1,(2,3)),(4,5))	167	147
(((1,2),3),(4,5))	((1,(2,3)),(4,5))	168	148
(((1,2),3),(4,5))	((1,(2,3)),(4,5))	169	115
(((1,2),3),(4,5))	((1,(2,3)),(4,5))	170	143
(((1,2),3),(4,5))	((1,(2,3)),(4,5))	171	127
(((1,2),3),(4,5))	((1,(2,3)),(4,5))	172	118
(((1,2),3),(4,5))	((1,(2,3)),(4,5))	173	145
(((1,2),3),(4,5))	((1,(2,3)),(4,5))	174	117
(((1,2),3),(4,5))	((1,(2,3)),(4,5))	175	108
(((1,2),3),(4,5))	((1,(2,3)),(4,5))	176	116
(((1,2),3),(4,5))	((1,(2,3)),(4,5))	177	97
(((1,2),3),(4,5))	((1,(2,3)),(4,5))	178	103
(((1,2),3),(4,5))	((1,(2,3)),(4,5))	179	106
(((1,2),3),(4,5))	((1,(2,3)),(4,5))	180	116
(((1,2),3),(4,5))	((1,(2,3)),(4,5))	181	113
(((1,2),3),(4,5))	((1,(2,3)),(4,5))	182	123
(((1,2),3),(4,5))	((1,(2,3)),(4,5))	183	111
(((1,2),3),(4,5))	((1,(2,3)),(4,5))	184	107
(((1,2),3),(4,5))	((1,(2,3)),(4,5))	185	99
(((1,2),3),(4,5))	((1,(2,3)),(4,5))	186	99
(((1,2),3),(4,5))	((1,(2,3)),(4,5))	187	104
(((1,2),3),(4,5))	((1,(2,3)),(4,5))	188	98
(((1,2),3),(4,5))	((1,(2,3)),(4,5))	189	80
(((1,2),3),(4,5))	((1,(2,3)),(4,5))	190	78
(((1,2),3),(4,5))	((1,(2,3)),(4,5))	191	88
(((1,2),3),(4,5))	((1,(2,3)),(4,5))	192	84
(((1,2),3),(4,5))	((1,(2,3)),(4,5))	193	79
(((1,2),3),(4,5))	((1,(2,3)),(4,5))	194	79
(((1,2),3),(4,5))	((1,(2,3)),(4,5))	195	78
(((1,2),3),(4,5))	((1,(2,3)),(4,5))	196	75
(((1,2),3),(4,5))	((1,(2,3)),(4,5))	197	76
(((1,2),3),(4,5))	((1,(2,3)),(4,5))	198	75
(((1,2),3),(4,5))	((1,(2,3)),(4,5))	199	64
(((1,2),3),(4,5))	((1,(2,3)),(4,5))	200	71
(((1,2),3),(4,5))	((1,(2,3)),(4,5))	201	61
(((1,2),3),(4,5))	((1,(2,3)),(4,5))	202	64
(((1,2),3),(4,5))	((1,(2,3)),(4,5))	203	66
(((1,2),3),(4,5))	((1,(2,3)),(4,5))	204	95
(((1,2),3),(4,5))	((1,(2,3)),(4,5))	205	65
(((1,2),3),(4,5))	((1,(2,3)),(4,5))	206	69
(((1,2),3),(4,5))	((1,(2,3)),(4,5))	207	68
(((1,2),3),(4,5))	((1,(2,3)),(4,5))	208	63
(((1,2),3),(4,5))	((1,(2,3)),(4,5))	209	65
(((1,2),3),(4,5))	((1,(2,3)),(4,5))	210	57
(((1,2),3),(4,5))	((1,(2,3)),(4,5))	211	59
(((1,2),3),(4,5))	((1,(2,3)),(4,5))	212	54
(((1,2),3),(4,5))	((1,(2,3)),(4,5))	213	72
(((1,2),3),(4,5))	((1,(2,3)),(4,5))	214	62
(((1,2),3),(4,5))	((1,(2,3)),(4,5))	215	60
(((1,2),3),(4,5))	((1,(2,3)),(4,5))	216	55
(((1,2),3),(4,5))	((1,(2,3)),(4,5))	217	47
(((1,2),3),(4,5))	((1,(2,3)),(4,5))	218	56
(((1,2),3),(4,5))	((1,(2,3)),(4,5))	219	46
(((1,2),3),(4,5))	((1,(2,3)),(4,5))	220	50
(((1,2),3),(4,5))	((1,(2,3)),(4,5))	221	45
(((1,2),3),(4,5))	((1,(2,3)),(4,5))	222	57
(((1,2),3),(4,5))	((1,(2,3)),(4,5))	223	54
(((1,2),3),(4,5))	((1,(2,3)),(4,5))	224	43
(((1,2),3),(4,5))	((1,(2,3)),(4,5))	225	39
(((1,2),3),(4,5))	((1,(2,3)),(4,5))	226	48
(((1,2),3),(4,5))	((1,(2,3)),(4,5))	227	46
(((1,2),3),(4,5))	((1,(2,3)),(4,5))	228	42
(((1,2),3),(4,5))	((1,(2,3)),(4,5))	229	45
(((1,2),3),(4,5))	((1,(2,3)),(4,5))	230	35
(((1,2),3),(4,5))	((1,(2,3)),(4,5))	231	41
(((1,2),3),(4,5))	((1,(2,3)),(4,5))	232	32
(((1,2),3),(4,5))	((1,(2,3)),(4,5))	233	42
(((1,2),3),(4,5))	((1,(2,3)),(4,5))	234	45
(((1,2),3),(4,5))	((1,(2,3)),(4,5))	235	46
(((1,2),3),(4,5))	((1,(2,3)),(4,5))	236	40
(((1,2),3),(4,5))	((1,(2,3)),(4,5))	237	35
(((1,2),3),(4,5))	((1,(2,3)),(4,5))	238	32
(((1,2),3),(4,5))	((1,(2,3)),(4,5))	239	26
(((1,2),3),(4,5))	((1,(2,3)),(4,5))	240	47
(((1,2),3),(4,5))	((1,(2,3)),(4,5))	241	37
(((1,2),3),(4,5))	((1,(2,3)),(4,5))	242	33
(((1,2),3),(4,5))	((1,(2,3)),(4,5))	243	30
(((1,2),3),(4,5))	((1,(2,3)),(4,5))	244	40
(((1,2),3),(4,5))	((1,(2,3)),(4,5))	245	33
(((1,2),3),(4,5))	((1,(2,3)),(4,5))	246	28
(((1,2),3),(4,5))	((1,(2,3)),(4,5))	247	37
(((1,2),3),(4,5))	((1,(2,3)),(4,5))	248	25
(((1,2),3),(4,5))	((1,(2,3)),(4,5))	249	28
(((1,2),3),(4,5))	((1,(2,3)),(4,5))	250	19
(((1,2),3),(4,5))	((1,(2,3)),(4,5))	251	28
(((1,2),3),(4,5))	((1,(2,3)),(4,5))	252	29
(((1,2),3),(4,5))	((1,(2,3)),(4,5))	253	28
(((1,2),3),(4,5))	((1,(2,3)),(4,5))	254	27
(((1,2),3),(4,5))	((1,(2,3)),(4,5))	255	37
(((1,2),3),(4,5))	((1,(2,3)),(4,5))	256	26
(((1,2),3),(4,5))	((1,(2,3)),(4,5))	257	21
(((1,2),3),(4,5))	((1,(2,3)),(4,5))	258	23
(((1,2),3),(4,5))	((1,(2,3)),(4,5))	259	25
(((1,2),3),(4,5))	((1,(2,3)),(4,5))	260	19
(((1,2),3),(4,5))	((1,(2,3)),(4,5))	261	21
(((1,2),3),(4,5))	((1,(2,3)),(4,5))	262	20
(((1,2),3),(4,5))	((1,(2,3)),(4,5))	263	21
(((1,2),3),(4,5))	((1,(2,3)),(4,5))	264	28
(((1,2),3),(4,5))	((1,(2,3)),(4,5))	265	27
(((1,2),3),(4,5))	((1,(2,3)),(4,5))	266	29
(((1,2),3),(4,5))	((1,(2,3)),(4,5))	267	20
(((1,2),3),(4,5))	((1,(2,3)),(4,5))	268	13
(((1,2),3),(4,5))	((1,(2,3)),(4,5))	269	23
(((1,2),3),(4,5))	((1,(2,3)),(4,5))	270	15
(((1,2),3),(4,5))	((1,(2,3)),(4,5))	271	17
(((1,2),3),(4,5))	((1,(2,3)),(4,5))	272	28
(((1,2),3),(4,5))	((1,(2,3)),(4,5))	273	14
(((1,2),3),(4,5))	((1,(2,3)),(4,5))	274	22
(((1,2),3),(4,5))	((1,(2,3)),(4,5))	275	21
(((1,2),3),(4,5))	((1,(2,3)),(4,5))	276	28
(((1,2),3),(4,5))	((1,(2,3)),(4,5))	277	16
(((1,2),3),(4,5))	((1,(2,3)),(4,5))	278	14
(((1,2),3),(4,5))	((1,(2,3)),(4,5))	279	15
(((1,2),3),(4,5))	((1,(2,3)),(4,5))	280	12
(((1,2),3),(4,5))	((1,(2,3)),(4,5))	281	17
(((1,2),3),(4,5))	((1,(2,3)),(4,5))	282	18
(((1,2),3),(4,5))	((1,(2,3)),(4,5))	283	13
(((1,2),3),(4,5))	((1,(2,3)),(4,5))	284	18
(((1,2),3),(4,5))	((1,(2,3)),(4,5))	285	14
(((1,2),3),(4,5))	((1,(2,3)),(4,5))	286	17
(((1,2),3),(4,5))	((1,(2,3)),(4,5))	287	16
(((1,2),3),(4,5))	((1,(2,3)),(4,5))	288	14
(((1,2),3),(4,5))	((1,(2,3)),(4,5))	289	11
(((1,2),3),(4,5))	((1,(2,3)),(4,5))	290	13
(((1,2),3),(4,5))	((1,(2,3)),(4,5))	291	12
(((1,2),3),(4,5))	((1,(2,3)),(4,5))	292	12
(((1,2),3),(4,5))	((1,(2,3)),(4,5))	293	15
(((1,2),3),(4,5))	((1,(2,3)),(4,5))	294	12
(((1,2),3),(4,5))	((1,(2,3)),(4,5))	295	13
(((1,2),3),(4,5))	((1,(2,3)),(4,5))	296	10
(((1,2),3),(4,5))	((1,(2,3)),(4,5))	297	13
(((1,2),3),(4,5))	((1,(2,3)),(4,5))	298	6
(((1,2),3),(4,5))	((1,(2,3)),(4,5))	299	15
(((1,2),3),(4,5))	((1,(2,3)),(4,5))	300	17
(((1,2),3),(4,5))	((1,(2,3)),(4,5))	301	11
(((1,2),3),(4,5))	((1,(2,3)),(4,5))	302	8
(((1,2),3),(4,5))	((1,(2,3)),(4,5))	303	13
(((1,2),3),(4,5))	((1,(2,3)),(4,5))	304	14
(((1,2),3),(4,5))	((1,(2,3)),(4,5))	305	16
(((1,2),3),(4,5))	((1,(2,3)),(4,5))	306	10
(((1,2),3),(4,5))	((1,(2,3)),(4,5))	307	17
(((1,2),3),(4,5))	((1,(2,3)),(4,5))	308	6
(((1,2),3),(4,5))	((1,(2,3)),(4,5))	309	5
(((1,2),3),(4,5))	((1,(2,3)),(4,5))	310	14
(((1,2),3),(4,5))	((1,(2,3)),(4,5))	311	7
(((1,2),3),(4,5))	((1,(2,3)),(4,5))	312	4
(((1,2),3),(4,5))	((1,(2,3)),(4,5))	313	9
(((1,2),3),(4,5))	((1,(2,3)),(4,5))	314	8
(((1,2),3),(4,5))	((1,(2,3)),(4,5))	315	11
(((1,2),3),(4,5))	((1,(2,3)),(4,5))	316	12
(((1,2),3),(4,5))	((1,(2,3)),(4,5))	317	4
(((1,2),3),(4,5))	((1,(2,3)),(4,5))	318	13
(((1,2),3),(4,5))	((1,(2,3)),(4,5))	319	5
(((1,2),3),(4,5))	((1,(2,3)),(4,5))	320	8
(((1,2),3),(4,5))	((1,(2,3)),(4,5))	321	7
(((1,2),3),(4,5))	((1,(2,3)),(4,5))	322	9
(((1,2),3),(4,5))	((1,(2,3)),(4,5))	323	10
(((1,2),3),(4,5))	((1,(2,3)),(4,5))	324	9
(((1,2),3),(4,5))	((1,(2,3)),(4,5))	325	12
(((1,2),3),(4,5))	((1,(2,3)),(4,5))	326	6
(((1,2),3),(4,5))	((1,(2,3)),(4,5))	327	9
(((1,2),3),(4,5))	((1,(2,3)),(4,5))	328	5
(((1,2),3),(4,5))	((1,(2,3)),(4,5))	329	5
(((1,2),3),(4,5))	((1,(2,3)),(4,5))	330	11
(((1,2),3),(4,5))	((1,(2,3)),(4,5))	331	3
(((1,2),3),(4,5))	((1,(2,3)),(4,5))	332	6
(((1,2),3),(4,5))	((1,(2,3)),(4,5))	333	3
(((1,2),3),(4,5))	((1,(2,3)),(4,5))	334	3
(((1,2),3),(4,5))	((1,(2,3)),(4,5))	335	5
(((1,2),3),(4,5))	((1,(2,3)),(4,5))	336	5
(((1,2),3),(4,5))	((1,(2,3)),(4,5))	337	3
(((1,2),3),(4,5))	((1,(2,3)),(4,5))	338	4
(((1,2),3),(4,5))	((1,(2,3)),(4,5))	339	4
(((1,2),3),(4,5))	((1,(2,3)),(4,5))	340	5
(((1,2),3),(4,5))	((1,(2,3)),(4,5))	341	3
(((1,2),3),(4,5))	((1,(2,3)),(4,5))	342	9
(((1,2),3),(4,5))	((1,(2,3)),(4,5))	343	5
(((1,2),3),(4,5))	((1,(2,3)),(4,5))	344	7
(((1,2),3),(4,5))	((1,(2,3)),(4,5))	345	4
(((1,2),3),(4,5))	((1,(2,3)),(4,5))	346	2
(((1,2),3),(4,5))	((1,(2,3)),(4,5))	347	3
(((1,2),3),(4,5))	((1,(2,3)),(4,5))	348	7
(((1,2),3),(4,5))	((1,(2,3)),(4,5))	349	7
(((1,2),3),(4,5))	((1,(2,3)),(4,5))	350	6
(((1,2),3),(4,5))	((1,(2,3)),(4,5))	351	4
(((1,2),3),(4,5))	((1,(2,3)),(4,5))	352	3
(((1,2),3),(4,5))	((1,(2,3)),(4,5))	353	6
(((1,2),3),(4,5))	((1,(2,3)),(4,5))	354	8
(((1,2),3),(4,5))	((1,(2,3)),(4,5))	355	5
(((1,2),3),(4,5))	((1,(2,3)),(4,5))	356	2
(((1,2),3),(4,5))	((1,(2,3)),(4,5))	357	3
(((1,2),3),(4,5))	((1,(2,3)),(4,5))	359	1
(((1,2),3),(4,5))	((1,(2,3)),(4,5))	360	3
(((1,2),3),(4,5))	((1,(2,3)),(4,5))	361	5
(((1,2),3),(4,5))	((1,(2,3)),(4,5))	362	3
(((1,2),3),(4,5))	((1,(2,3)),(4,5))	363	4
(((1,2),3),(4,5))	((1,(2,3)),(4,5))	364	7
(((1,2),3),(4,5))	((1,(2,3)),(4,5))	365	3
(((1,2),3),(4,5))	((1,(2,3)),(4,5))	366	2
(((1,2),3),(4,5))	((1,(2,3)),(4,5))	367	3
(((1,2),3),(4,5))	((1,(2,3)),(4,5))	368	1
(((1,2),3),(4,5))	((1,(2,3)),(4,5))	369	4
(((1,2),3),(4,5))	((1,(2,3)),(4,5))	370	5
(((1,2),3),(4,5))	((1,(2,3)),(4,5))	371	2
(((1,2),3),(4,5))	((1,(2,3)),(4,5))	372	2
(((1,2),3),(4,5))	((1,(2,3)),(4,5))	373	1
(((1,2),3),(4,5))	((1,(2,3)),(4,5))	374	5
(((1,2),3),(4,5))	((1,(2,3)),(4,5))	375	3
(((1,2),3),(4,5))	((1,(2,3)),(4,5))	377	3
(((1,2),3),(4,5))	((1,(2,3)),(4,5))	378	1
(((1,2),3),(4,5))	((1,(2,3)),(4,5))	379	1
(((1,2),3),(4,5))	((1,(2,3)),(4,5))	380	1
(((1,2),3),(4,5))	((1,(2,3)),(4,5))	381	2
(((1,2),3),(4,5))	((1,(2,3)),(4,5))	382	4
(((1,2),3),(4,5))	((1,(2,3)),(4,5))	383	2
(((1,2),3),(4,5))	((1,(2,3)),(4,5))	384	2
(((1,2),3),(4,5))	((1,(2,3)),(4,5))	386	1
(((1,2),3),(4,5))	((1,(2,3)),(4,5))	387	2
(((1,2),3),(4,5))	((1,(2,3)),(4,5))	389	1
(((1,2),3),(4,5))	((1,(2,3)),(4,5))	390	4
(((1,2),3),(4,5))	((1,(2,3)),(4,5))	391	4
(((1,2),3),(4,5))	((1,(2,3)),(4,5))	392	4
(((1,2),3),(4,5))	((1,(2,3)),(4,5))	393	2
(((1,2),3),(4,5))	((1,(2,3)),(4,5))	394	2
(((1,2),3),(4,5))	((1,(2,3)),(4,5))	395	1
(((1,2),3),(4,5))	((1,(2,3)),(4,5))	396	1
(((1,2),3),(4,5))	((1,(2,3)),(4,5))	397	1
(((1,2),3),(4,5))	((1,(2,3)),(4,5))	398	4
(((1,2),3),(4,5))	((1,(2,3)),(4,5))	400	3
(((1,2),3),(4,5))	((1,(2,3)),(4,5))	402	1
(((1,2),3),(4,5))	((1,(2,3)),(4,5))	403	1
(((1,2),3),(4,5))	((1,(2,3)),(4,5))	404	2
(((1,2),3),(4,5))	((1,(2,3)),(4,5))	405	2
(((1,2),3),(4,5))	((1,(2,3)),(4,5))	406	2
(((1,2),3),(4,5))	((1,(2,3)),(4,5))	407	1
(((1,2),3),(4,5))	((1,(2,3)),(4,5))	408	1
(((1,2),3),(4,5))	((1,(2,3)),(4,5))	409	1
(((1,2),3),(4,5))	((1,(2,3)),(4,5))	410	2
(((1,2),3),(4,5))	((1,(2,3)),(4,5))	412	1
(((1,2),3),(4,5))	((1,(2,3)),(4,5))	414	2
(((1,2),3),(4,5))	((1,(2,3)),(4,5))	416	2
(((1,2),3),(4,5))	((1,(2,3)),(4,5))	418	1
(((1,2),3),(4,5))	((1,(2,3)),(4,5))	420	1
(((1,2),3),(4,5))	((1,(2,3)),(4,5))	421	4
(((1,2),3),(4,5))	((1,(2,3)),(4,5))	425	1
(((1,2),3),(4,5))	((1,(2,3)),(4,5))	427	2
(((1,2),3),(4,5))	((1,(2,3)),(4,5))	428	2
(((1,2),3),(4,5))	((1,(2,3)),(4,5))	431	1
(((1,2),3),(4,5))	((1,(2,3)),(4,5))	432	1
(((1,2),3),(4,5))	((1,(2,3)),(4,5))	433	1
(((1,2),3),(4,5))	((1,(2,3)),(4,5))	440	1
(((1,2),3),(4,5))	((1,(2,3)),(4,5))	441	1
(((1,2),3),(4,5))	((1,(2,3)),(4,5))	446	1
(((1,2),3),(4,5))	((1,(2,3)),(4,5))	447	1
(((1,2),3),(4,5))	((1,(2,3)),(4,5))	449	1
(((1,2),3),(4,5))	((1,(2,3)),(4,5))	455	1
(((1,2),3),(4,5))	((1,(2,3)),(4,5))	458	1
(((1,2),3),(4,5))	((1,(2,3)),(4,5))	459	1
(((1,2),3),(4,5))	((1,(2,3)),(4,5))	463	1
(((1,2),3),(4,5))	((1,(2,3)),(4,5))	464	1
(((1,2),3),(4,5))	((1,(2,3)),(4,5))	466	1
(((1,2),3),(4,5))	((1,(2,3)),(4,5))	467	1
(((1,2),3),(4,5))	((1,(2,3)),(4,5))	472	1
(((1,2),3),(4,5))	((1,(2,3)),(4,5))	474	1
(((1,2),3),(4,5))	((1,(2,3)),(4,5))	477	1
(((1,2),3),(4,5))	((1,(2,3)),(4,5))	478	2
(((1,2),3),(4,5))	((1,(2,3)),(4,5))	481	2
(((1,2),3),(4,5))	((1,(2,3)),(4,5))	485	1
(((1,2),3),(4,5))	((1,(2,3)),(4,5))	488	1
(((1,2),3),(4,5))	((1,(2,3)),(4,5))	489	1
(((1,2),3),(4,5))	((1,(2,3)),(4,5))	492	2
(((1,2),3),(4,5))	((1,(2,3)),(4,5))	493	1
(((1,2),3),(4,5))	((1,(2,3)),(4,5))	498	2
(((1,2),3),(4,5))	((1,(2,3)),(4,5))	505	1
(((1,2),3),(4,5))	((1,(2,3)),(4,5))	508	1
(((1,2),3),(4,5))	((1,(2,3)),(4,5))	514	1
(((1,2),3),(4,5))	((1,(2,3)),(4,5))	515	1
(((1,2),3),(4,5))	((1,(2,3)),(4,5))	525	1
(((1,2),3),(4,5))	((1,(2,3)),(4,5))	526	1
(((1,2),3),(4,5))	((1,(2,3)),(4,5))	543	1
(((1,2),3),(4,5))	((1,(2,3)),(4,5))	564	1
((1,(2,3)),(4,5))	(((1,2),3),(4,5))	1	6941
((1,(2,3)),(4,5))	(((1,2),3),(4,5))	2	5777
((1,(2,3)),(4,5))	(((1,2),3),(4,5))	3	4882
((1,(2,3)),(4,5))	(((1,2),3),(4,5))	4	4344
((1,(2,3)),(4,5))	(((1,2),3),(4,5))	5	3897
((1,(2,3)),(4,5))	(((1,2),3),(4,5))	6	3642
((1,(2,3)),(4,5))	(((1,2),3),(4,5))	7	3497
((1,(2,3)),(4,5))	(((1,2),3),(4,5))	8	3360
((1,(2,3)),(4,5))	(((1,2),3),(4,5))	9	3377
((1,(2,3)),(4,5))	(((1,2),3),(4,5))	10	3178
((1,(2,3)),(4,5))	(((1,2),3),(4,5))	11	3185
((1,(2,3)),(4,5))	(((1,2),3),(4,5))	12	2985
((1,(2,3)),(4,5))	(((1,2),3),(4,5))	13	2918
((1,(2,3)),(4,5))	(((1,2),3),(4,5))	14	2766
((1,(2,3)),(4,5))	(((1,2),3),(4,5))	15	2847
((1,(2,3)),(4,5))	(((1,2),3),(4,5))	16	2635
((1,(2,3)),(4,5))	(((1,2),3),(4,5))	17	2675
((1,(2,3)),(4,5))	(((1,2),3),(4,5))	18	2650
((1,(2,3)),(4,5))	(((1,2),3),(4,5))	19	2544
((1,(2,3)),(4,5))	(((1,2),3),(4,5))	20	2508
((1,(2,3)),(4,5))	(((1,2),3),(4,5))	21	2418
((1,(2,3)),(4,5))	(((1,2),3),(4,5))	22	2369
((1,(2,3)),(4,5))	(((1,2),3),(4,5))	23	2357
((1,(2,3)),(4,5))	(((1,2),3),(4,5))	24	2244
((1,(2,3)),(4,5))	(((1,2),3),(4,5))	25	2213
((1,(2,3)),(4,5))	(((1,2),3),(4,5))	26	2151
((1,(2,3)),(4,5))	(((1,2),3),(4,5))	27	2213
((1,(2,3)),(4,5))	(((1,2),3),(4,5))	28	2143
((1,(2,3)),(4,5))	(((1,2),3),(4,5))	29	2060
((1,(2,3)),(4,5))	(((1,2),3),(4,5))	30	2072
((1,(2,3)),(4,5))	(((1,2),3),(4,5))	31	2013
((1,(2,3)),(4,5))	(((1,2),3),(4,5))	32	1973
((1,(2,3)),(4,5))	(((1,2),3),(4,5))	33	1890
((1,(2,3)),(4,5))	(((1,2),3),(4,5))	34	1920
((1,(2,3)),(4,5))	(((1,2),3),(4,5))	35	1763
((1,(2,3)),(4,5))	(((1,2),3),(4,5))	36	1807
((1,(2,3)),(4,5))	(((1,2),3),(4,5))	37	1754
((1,(2,3)),(4,5))	(((1,2),3),(4,5))	38	1689
((1,(2,3)),(4,5))	(((1,2),3),(4,5))	39	1663
((1,(2,3)),(4,5))	(((1,2),3),(4,5))	40	1719
((1,(2,3)),(4,5))	(((1,2),3),(4,5))	41	1633
((1,(2,3)),(4,5))	(((1,2),3),(4,5))	42	1577
((1,(2,3)),(4,5))	(((1,2),3),(4,5))	43	1592
((1,(2,3)),(4,5))	(((1,2),3),(4,5))	44	1409
((1,(2,3)),(4,5))	(((1,2),3),(4,5))	45	1547
((1,(2,3)),(4,5))	(((1,2),3),(4,5))	46	1521
((1,(2,3)),(4,5))	(((1,2),3),(4,5))	47	1431
((1,(2,3)),(4,5))	(((1,2),3),(4,5))	48	1441
((1,(2,3)),(4,5))	(((1,2),3),(4,5))	49	1335
((1,(2,3)),(4,5))	(((1,2),3),(4,5))	50	1395
((1,(2,3)),(4,5))	(((1,2),3),(4,5))	51	1347
((1,(2,3)),(4,5))	(((1,2),3),(4,5))	52	1280
((1,(2,3)),(4,5))	(((1,2),3),(4,5))	53	1233
((1,(2,3)),(4,5))	(((1,2),3),(4,5))	54	1225
((1,(2,3)),(4,5))	(((1,2),3),(4,5))	55	1249
((1,(2,3)),(4,5))	(((1,2),3),(4,5))	56	1124
((1,(2,3)),(4,5))	(((1,2),3),(4,5))	57	1209
((1,(2,3)),(4,5))	(((1,2),3),(4,5))	58	1152
((1,(2,3)),(4,5))	(((1,2),3),(4,5))	59	1155
((1,(2,3)),(4,5))	(((1,2),3),(4,5))	60	1140
((1,(2,3)),(4,5))	(((1,2),3),(4,5))	61	1114
((1,(2,3)),(4,5))	(((1,2),3),(4,5))	62	1057
((1,(2,3)),(4,5))	(((1,2),3),(4,5))	63	1087
((1,(2,3)),(4,5))	(((1,2),3),(4,5))	64	1041
((1,(2,3)),(4,5))	(((1,2),3),(4,5))	65	1019
((1,(2,3)),(4,5))	(((1,2),3),(4,5))	66	946
((1,(2,3)),(4,5))	(((1,2),3),(4,5))	67	981
((1,(2,3)),(4,5))	(((1,2),3),(4,5))	68	944
((1,(2,3)),(4,5))	(((1,2),3),(4,5))	69	970
((1,(2,3)),(4,5))	(((1,2),3),(4,5))	70	875
((1,(2,3)),(4,5))	(((1,2),3),(4,5))	71	864
((1,(2,3)),(4,5))	(((1,2),3),(4,5))	72	868
((1,(2,3)),(4,5))	(((1,2),3),(4,5))	73	885
((1,(2,3)),(4,5))	(((1,2),3),(4,5))	74	818
((1,(2,3)),(4,5))	(((1,2),3),(4,5))	75	850
((1,(2,3)),(4,5))	(((1,2),3),(4,5))	76	768
((1,(2,3)),(4,5))	(((1,2),3),(4,5))	77	770
((1,(2,3)),(4,5))	(((1,2),3),(4,5))	78	842
((1,(2,3)),(4,5))	(((1,2),3),(4,5))	79	761
((1,(2,3)),(4,5))	(((1,2),3),(4,5))	80	739
((1,(2,3)),(4,5))	(((1,2),3),(4,5))	81	730
((1,(2,3)),(4,5))	(((1,2),3),(4,5))	82	711
((1,(2,3)),(4,5))	(((1,2),3),(4,5))	83	755
((1,(2,3)),(4,5))	(((1,2),3),(4,5))	84	663
((1,(2,3)),(4,5))	(((1,2),3),(4,5))	85	698
((1,(2,3)),(4,5))	(((1,2),3),(4,5))	86	650
((1,(2,3)),(4,5))	(((1,2),3),(4,5))	87	659
((1,(2,3)),(4,5))	(((1,2),3),(4,5))	88	653
((1,(2,3)),(4,5))	(((1,2),3),(4,5))	89	653
((1,(2,3)),(4,5))	(((1,2),3),(4,5))	90	594
((1,(2,3)),(4,5))	(((1,2),3),(4,5))	91	595
((1,(2,3)),(4,5))	(((1,2),3),(4,5))	92	615
((1,(2,3)),(4,5))	(((1,2),3),(4,5))	93	592
((1,(2,3)),(4,5))	(((1,2),3),(4,5))	94	592
((1,(2,3)),(4,5))	(((1,2),3),(4,5))	95	600
((1,(2,3)),(4,5))	(((1,2),3),(4,5))	96	568
((1,(2,3)),(4,5))	(((1,2),3),(4,5))	97	553
((1,(2,3)),(4,5))	(((1,2),3),(4,5))	98	493
((1,(2,3)),(4,5))	(((1,2),3),(4,5))	99	521
((1,(2,3)),(4,5))	(((1,2),3),(4,5))	100	519
((1,(2,3)),(4,5))	(((1,2),3),(4,5))	101	507
((1,(2,3)),(4,5))	(((1,2),3),(4,5))	102	459
((1,(2,3)),(4,5))	(((1,2),3),(4,5))	103	514
((1,(2,3)),(4,5))	(((1,2),3),(4,5))	104	498
((1,(2,3)),(4,5))	(((1,2),3),(4,5))	105	449
((1,(2,3)),(4,5))	(((1,2),3),(4,5))	106	425
((1,(2,3)),(4,5))	(((1,2),3),(4,5))	107	476
((1,(2,3)),(4,5))	(((1,2),3),(4,5))	108	446
((1,(2,3)),(4,5))	(((1,2),3),(4,5))	109	428
((1,(2,3)),(4,5))	(((1,2),3),(4,5))	110	441
((1,(2,3)),(4,5))	(((1,2),3),(4,5))	111	410
((1,(2,3)),(4,5))	(((1,2),3),(4,5))	112	445
((1,(2,3)),(4,5))	(((1,2),3),(4,5))	113	413
((1,(2,3)),(4,5))	(((1,2),3),(4,5))	114	395
((1,(2,3)),(4,5))	(((1,2),3),(4,5))	115	423
((1,(2,3)),(4,5))	(((1,2),3),(4,5))	116	365
((1,(2,3)),(4,5))	(((1,2),3),(4,5))	117	374
((1,(2,3)),(4,5))	(((1,2),3),(4,5))	118	340
((1,(2,3)),(4,5))	(((1,2),3),(4,5))	119	370
((1,(2,3)),(4,5))	(((1,2),3),(4,5))	120	335
((1,(2,3)),(4,5))	(((1,2),3),(4,5))	121	352
((1,(2,3)),(4,5))	(((1,2),3),(4,5))	122	311
((1,(2,3)),(4,5))	(((1,2),3),(4,5))	123	338
((1,(2,3)),(4,5))	(((1,2),3),(4,5))	124	271
((1,(2,3)),(4,5))	(((1,2),3),(4,5))	125	309
((1,(2,3)),(4,5))	(((1,2),3),(4,5))	126	338
((1,(2,3)),(4,5))	(((1,2),3),(4,5))	127	314
((1,(2,3)),(4,5))	(((1,2),3),(4,5))	128	268
((1,(2,3)),(4,5))	(((1,2),3),(4,5))	129	323
((1,(2,3)),(4,5))	(((1,2),3),(4,5))	130	307
((1,(2,3)),(4,5))	(((1,2),3),(4,5))	131	278
((1,(2,3)),(4,5))	(((1,2),3),(4,5))	132	291
((1,(2,3)),(4,5))	(((1,2),3),(4,5))	133	281
((1,(2,3)),(4,5))	(((1,2),3),(4,5))	134	300
((1,(2,3)),(4,5))	(((1,2),3),(4,5))	135	265
((1,(2,3)),(4,5))	(((1,2),3),(4,5))	136	250
((1,(2,3)),(4,5))	(((1,2),3),(4,5))	137	263
((1,(2,3)),(4,5))	(((1,2),3),(4,5))	138	278
((1,(2,3)),(4,5))	(((1,2),3),(4,5))	139	238
((1,(2,3)),(4,5))	(((1,2),3),(4,5))	140	274
((1,(2,3)),(4,5))	(((1,2),3),(4,5))	141	231
((1,(2,3)),(4,5))	(((1,2),3),(4,5))	142	222
((1,(2,3)),(4,5))	(((1,2),3),(4,5))	143	252
((1,(2,3)),(4,5))	(((1,2),3),(4,5))	144	220
((1,(2,3)),(4,5))	(((1,2),3),(4,5))	145	201
((1,(2,3)),(4,5))	(((1,2),3),(4,5))	146	229
((1,(2,3)),(4,5))	(((1,2),3),(4,5))	147	212
((1,(2,3)),(4,5))	(((1,2),3),(4,5))	148	216
((1,(2,3)),(4,5))	(((1,2),3),(4,5))	149	200
((1,(2,3)),(4,5))	(((1,2),3),(4,5))	150	207
((1,(2,3)),(4,5))	(((1,2),3),(4,5))	151	188
((1,(2,3)),(4,5))	(((1,2),3),(4,5))	152	175
((1,(2,3)),(4,5))	(((1,2),3),(4,5))	153	183
((1,(2,3)),(4,5))	(((1,2),3),(4,5))	154	187
((1,(2,3)),(4,5))	(((1,2),3),(4,5))	155	197
((1,(2,3)),(4,5))	(((1,2),3),(4,5))	156	193
((1,(2,3)),(4,5))	(((1,2),3),(4,5))	157	165
((1,(2,3)),(4,5))	(((1,2),3),(4,5))	158	178
((1,(2,3)),(4,5))	(((1,2),3),(4,5))	159	164
((1,(2,3)),(4,5))	(((1,2),3),(4,5))	160	150
((1,(2,3)),(4,5))	(((1,2),3),(4,5))	161	141
((1,(2,3)),(4,5))	(((1,2),3),(4,5))	162	149
((1,(2,3)),(4,5))	(((1,2),3),(4,5))	163	158
((1,(2,3)),(4,5))	(((1,2),3),(4,5))	164	170
((1,(2,3)),(4,5))	(((1,2),3),(4,5))	165	144
((1,(2,3)),(4,5))	(((1,2),3),(4,5))	166	124
((1,(2,3)),(4,5))	(((1,2),3),(4,5))	167	143
((1,(2,3)),(4,5))	(((1,2),3),(4,5))	168	143
((1,(2,3)),(4,5))	(((1,2),3),(4,5))	169	146
((1,(2,3)),(4,5))	(((1,2),3),(4,5))	170	132
((1,(2,3)),(4,5))	(((1,2),3),(4,5))	171	134
((1,(2,3)),(4,5))	(((1,2),3),(4,5))	172	125
((1,(2,3)),(4,5))	(((1,2),3),(4,5))	173	131
((1,(2,3)),(4,5))	(((1,2),3),(4,5))	174	115
((1,(2,3)),(4,5))	(((1,2),3),(4,5))	175	146
((1,(2,3)),(4,5))	(((1,2),3),(4,5))	176	113
((1,(2,3)),(4,5))	(((1,2),3),(4,5))	177	106
((1,(2,3)),(4,5))	(((1,2),3),(4,5))	178	128
((1,(2,3)),(4,5))	(((1,2),3),(4,5))	179	111
((1,(2,3)),(4,5))	(((1,2),3),(4,5))	180	102
((1,(2,3)),(4,5))	(((1,2),3),(4,5))	181	106
((1,(2,3)),(4,5))	(((1,2),3),(4,5))	182	103
((1,(2,3)),(4,5))	(((1,2),3),(4,5))	183	114
((1,(2,3)),(4,5))	(((1,2),3),(4,5))	184	80
((1,(2,3)),(4,5))	(((1,2),3),(4,5))	185	88
((1,(2,3)),(4,5))	(((1,2),3),(4,5))	186	107
((1,(2,3)),(4,5))	(((1,2),3),(4,5))	187	103
((1,(2,3)),(4,5))	(((1,2),3),(4,5))	188	96
((1,(2,3)),(4,5))	(((1,2),3),(4,5))	189	102
((1,(2,3)),(4,5))	(((1,2),3),(4,5))	190	96
((1,(2,3)),(4,5))	(((1,2),3),(4,5))	191	94
((1,(2,3)),(4,5))	(((1,2),3),(4,5))	192	100
((1,(2,3)),(4,5))	(((1,2),3),(4,5))	193	99
((1,(2,3)),(4,5))	(((1,2),3),(4,5))	194	81
((1,(2,3)),(4,5))	(((1,2),3),(4,5))	195	86
((1,(2,3)),(4,5))	(((1,2),3),(4,5))	196	91
((1,(2,3)),(4,5))	(((1,2),3),(4,5))	197	93
((1,(2,3)),(4,5))	(((1,2),3),(4,5))	198	101
((1,(2,3)),(4,5))	(((1,2),3),(4,5))	199	80
((1,(2,3)),(4,5))	(((1,2),3),(4,5))	200	80
((1,(2,3)),(4,5))	(((1,2),3),(4,5))	201	71
((1,(2,3)),(4,5))	(((1,2),3),(4,5))	202	75
((1,(2,3)),(4,5))	(((1,2),3),(4,5))	203	91
((1,(2,3)),(4,5))	(((1,2),3),(4,5))	204	55
((1,(2,3)),(4,5))	(((1,2),3),(4,5))	205	76
((1,(2,3)),(4,5))	(((1,2),3),(4,5))	206	77
((1,(2,3)),(4,5))	(((1,2),3),(4,5))	207	47
((1,(2,3)),(4,5))	(((1,2),3),(4,5))	208	58
((1,(2,3)),(4,5))	(((1,2),3),(4,5))	209	78
((1,(2,3)),(4,5))	(((1,2),3),(4,5))	210	57
((1,(2,3)),(4,5))	(((1,2),3),(4,5))	211	55
((1,(2,3)),(4,5))	(((1,2),3),(4,5))	212	71
((1,(2,3)),(4,5))	(((1,2),3),(4,5))	213	60
((1,(2,3)),(4,5))	(((1,2),3),(4,5))	214	49
((1,(2,3)),(4,5))	(((1,2),3),(4,5))	215	71
((1,(2,3)),(4,5))	(((1,2),3),(4,5))	216	54
((1,(2,3)),(4,5))	(((1,2),3),(4,5))	217	69
((1,(2,3)),(4,5))	(((1,2),3),(4,5))	218	61
((1,(2,3)),(4,5))	(((1,2),3),(4,5))	219	54
((1,(2,3)),(4,5))	(((1,2),3),(4,5))	220	60
((1,(2,3)),(4,5))	(((1,2),3),(4,5))	221	44
((1,(2,3)),(4,5))	(((1,2),3),(4,5))	222	48
((1,(2,3)),(4,5))	(((1,2),3),(4,5))	223	51
((1,(2,3)),(4,5))	(((1,2),3),(4,5))	224	46
((1,(2,3)),(4,5))	(((1,2),3),(4,5))	225	56
((1,(2,3)),(4,5))	(((1,2),3),(4,5))	226	38
((1,(2,3)),(4,5))	(((1,2),3),(4,5))	227	41
((1,(2,3)),(4,5))	(((1,2),3),(4,5))	228	49
((1,(2,3)),(4,5))	(((1,2),3),(4,5))	229	55
((1,(2,3)),(4,5))	(((1,2),3),(4,5))	230	51
((1,(2,3)),(4,5))	(((1,2),3),(4,5))	231	38
((1,(2,3)),(4,5))	(((1,2),3),(4,5))	232	36
((1,(2,3)),(4,5))	(((1,2),3),(4,5))	233	49
((1,(2,3)),(4,5))	(((1,2),3),(4,5))	234	36
((1,(2,3)),(4,5))	(((1,2),3),(4,5))	235	40
((1,(2,3)),(4,5))	(((1,2),3),(4,5))	236	37
((1,(2,3)),(4,5))	(((1,2),3),(4,5))	237	33
((1,(2,3)),(4,5))	(((1,2),3),(4,5))	238	34
((1,(2,3)),(4,5))	(((1,2),3),(4,5))	239	43
((1,(2,3)),(4,5))	(((1,2),3),(4,5))	240	37
((1,(2,3)),(4,5))	(((1,2),3),(4,5))	241	35
((1,(2,3)),(4,5))	(((1,2),3),(4,5))	242	35
((1,(2,3)),(4,5))	(((1,2),3),(4,5))	243	27
((1,(2,3)),(4,5))	(((1,2),3),(4,5))	244	40
((1,(2,3)),(4,5))	(((1,2),3),(4,5))	245	37
((1,(2,3)),(4,5))	(((1,2),3),(4,5))	246	36
((1,(2,3)),(4,5))	(((1,2),3),(4,5))	247	30
((1,(2,3)),(4,5))	(((1,2),3),(4,5))	248	25
((1,(2,3)),(4,5))	(((1,2),3),(4,5))	249	35
((1,(2,3)),(4,5))	(((1,2),3),(4,5))	250	32
((1,(2,3)),(4,5))	(((1,2),3),(4,5))	251	33
((1,(2,3)),(4,5))	(((1,2),3),(4,5))	252	34
((1,(2,3)),(4,5))	(((1,2),3),(4,5))	253	30
((1,(2,3)),(4,5))	(((1,2),3),(4,5))	254	33
((1,(2,3)),(4,5))	(((1,2),3),(4,5))	255	24
((1,(2,3)),(4,5))	(((1,2),3),(4,5))	256	27
((1,(2,3)),(4,5))	(((1,2),3),(4,5))	257	26
((1,(2,3)),(4,5))	(((1,2),3),(4,5))	258	31
((1,(2,3)),(4,5))	(((1,2),3),(4,5))	259	24
((1,(2,3)),(4,5))	(((1,2),3),(4,5))	260	25
((1,(2,3)),(4,5))	(((1,2),3),(4,5))	261	28
((1,(2,3)),(4,5))	(((1,2),3),(4,5))	262	19
((1,(2,3)),(4,5))	(((1,2),3),(4,5))	263	25
((1,(2,3)),(4,5))	(((1,2),3),(4,5))	264	24
((1,(2,3)),(4,5))	(((1,2),3),(4,5))	265	19
((1,(2,3)),(4,5))	(((1,2),3),(4,5))	266	17
((1,(2,3)),(4,5))	(((1,2),3),(4,5))	267	20
((1,(2,3)),(4,5))	(((1,2),3),(4,5))	268	20
((1,(2,3)),(4,5))	(((1,2),3),(4,5))	269	19
((1,(2,3)),(4,5))	(((1,2),3),(4,5))	270	20
((1,(2,3)),(4,5))	(((1,2),3),(4,5))	271	25
((1,(2,3)),(4,5))	(((1,2),3),(4,5))	272	18
((1,(2,3)),(4,5))	(((1,2),3),(4,5))	273	19
((1,(2,3)),(4,5))	(((1,2),3),(4,5))	274	19
((1,(2,3)),(4,5))	(((1,2),3),(4,5))	275	15
((1,(2,3)),(4,5))	(((1,2),3),(4,5))	276	19
((1,(2,3)),(4,5))	(((1,2),3),(4,5))	277	22
((1,(2,3)),(4,5))	(((1,2),3),(4,5))	278	15
((1,(2,3)),(4,5))	(((1,2),3),(4,5))	279	19
((1,(2,3)),(4,5))	(((1,2),3),(4,5))	280	18
((1,(2,3)),(4,5))	(((1,2),3),(4,5))	281	13
((1,(2,3)),(4,5))	(((1,2),3),(4,5))	282	18
((1,(2,3)),(4,5))	(((1,2),3),(4,5))	283	20
((1,(2,3)),(4,5))	(((1,2),3),(4,5))	284	19
((1,(2,3)),(4,5))	(((1,2),3),(4,5))	285	16
((1,(2,3)),(4,5))	(((1,2),3),(4,5))	286	20
((1,(2,3)),(4,5))	(((1,2),3),(4,5))	287	9
((1,(2,3)),(4,5))	(((1,2),3),(4,5))	288	21
((1,(2,3)),(4,5))	(((1,2),3),(4,5))	289	10
((1,(2,3)),(4,5))	(((1,2),3),(4,5))	290	12
((1,(2,3)),(4,5))	(((1,2),3),(4,5))	291	11
((1,(2,3)),(4,5))	(((1,2),3),(4,5))	292	9
((1,(2,3)),(4,5))	(((1,2),3),(4,5))	293	9
((1,(2,3)),(4,5))	(((1,2),3),(4,5))	294	18
((1,(2,3)),(4,5))	(((1,2),3),(4,5))	295	11
((1,(2,3)),(4,5))	(((1,2),3),(4,5))	296	10
((1,(2,3)),(4,5))	(((1,2),3),(4,5))	297	17
((1,(2,3)),(4,5))	(((1,2),3),(4,5))	298	12
((1,(2,3)),(4,5))	(((1,2),3),(4,5))	299	6
((1,(2,3)),(4,5))	(((1,2),3),(4,5))	300	10
((1,(2,3)),(4,5))	(((1,2),3),(4,5))	301	8
((1,(2,3)),(4,5))	(((1,2),3),(4,5))	302	7
((1,(2,3)),(4,5))	(((1,2),3),(4,5))	303	12
((1,(2,3)),(4,5))	(((1,2),3),(4,5))	304	13
((1,(2,3)),(4,5))	(((1,2),3),(4,5))	305	8
((1,(2,3)),(4,5))	(((1,2),3),(4,5))	306	7
((1,(2,3)),(4,5))	(((1,2),3),(4,5))	307	9
((1,(2,3)),(4,5))	(((1,2),3),(4,5))	308	10
((1,(2,3)),(4,5))	(((1,2),3),(4,5))	309	10
((1,(2,3)),(4,5))	(((1,2),3),(4,5))	310	13
((1,(2,3)),(4,5))	(((1,2),3),(4,5))	311	15
((1,(2,3)),(4,5))	(((1,2),3),(4,5))	312	12
((1,(2,3)),(4,5))	(((1,2),3),(4,5))	313	9
((1,(2,3)),(4,5))	(((1,2),3),(4,5))	314	10
((1,(2,3)),(4,5))	(((1,2),3),(4,5))	315	5
((1,(2,3)),(4,5))	(((1,2),3),(4,5))	316	7
((1,(2,3)),(4,5))	(((1,2),3),(4,5))	317	10
((1,(2,3)),(4,5))	(((1,2),3),(4,5))	318	7
((1,(2,3)),(4,5))	(((1,2),3),(4,5))	319	4
((1,(2,3)),(4,5))	(((1,2),3),(4,5))	320	3
((1,(2,3)),(4,5))	(((1,2),3),(4,5))	321	15
((1,(2,3)),(4,5))	(((1,2),3),(4,5))	322	5
((1,(2,3)),(4,5))	(((1,2),3),(4,5))	323	5
((1,(2,3)),(4,5))	(((1,2),3),(4,5))	324	7
((1,(2,3)),(4,5))	(((1,2),3),(4,5))	325	11
((1,(2,3)),(4,5))	(((1,2),3),(4,5))	326	9
((1,(2,3)),(4,5))	(((1,2),3),(4,5))	327	11
((1,(2,3)),(4,5))	(((1,2),3),(4,5))	328	5
((1,(2,3)),(4,5))	(((1,2),3),(4,5))	329	8
((1,(2,3)),(4,5))	(((1,2),3),(4,5))	330	4
((1,(2,3)),(4,5))	(((1,2),3),(4,5))	331	13
((1,(2,3)),(4,5))	(((1,2),3),(4,5))	332	4
((1,(2,3)),(4,5))	(((1,2),3),(4,5))	333	9
((1,(2,3)),(4,5))	(((1,2),3),(4,5))	334	9
((1,(2,3)),(4,5))	(((1,2),3),(4,5))	335	9
((1,(2,3)),(4,5))	(((1,2),3),(4,5))	336	8
((1,(2,3)),(4,5))	(((1,2),3),(4,5))	337	2
((1,(2,3)),(4,5))	(((1,2),3),(4,5))	338	5
((1,(2,3)),(4,5))	(((1,2),3),(4,5))	339	4
((1,(2,3)),(4,5))	(((1,2),3),(4,5))	340	2
((1,(2,3)),(4,5))	(((1,2),3),(4,5))	341	3
((1,(2,3)),(4,5))	(((1,2),3),(4,5))	342	4
((1,(2,3)),(4,5))	(((1,2),3),(4,5))	343	7
((1,(2,3)),(4,5))	(((1,2),3),(4,5))	344	4
((1,(2,3)),(4,5))	(((1,2),3),(4,5))	345	4
((1,(2,3)),(4,5))	(((1,2),3),(4,5))	346	3
((1,(2,3)),(4,5))	(((1,2),3),(4,5))	347	6
((1,(2,3)),(4,5))	(((1,2),3),(4,5))	348	4
((1,(2,3)),(4,5))	(((1,2),3),(4,5))	349	5
((1,(2,3)),(4,5))	(((1,2),3),(4,5))	350	7
((1,(2,3)),(4,5))	(((1,2),3),(4,5))	351	3
((1,(2,3)),(4,5))	(((1,2),3),(4,5))	352	3
((1,(2,3)),(4,5))	(((1,2),3),(4,5))	353	2
((1,(2,3)),(4,5))	(((1,2),3),(4,5))	354	7
((1,(2,3)),(4,5))	(((1,2),3),(4,5))	355	7
((1,(2,3)),(4,5))	(((1,2),3),(4,5))	356	2
((1,(2,3)),(4,5))	(((1,2),3),(4,5))	357	5
((1,(2,3)),(4,5))	(((1,2),3),(4,5))	358	3
((1,(2,3)),(4,5))	(((1,2),3),(4,5))	359	1
((1,(2,3)),(4,5))	(((1,2),3),(4,5))	360	5
((1,(2,3)),(4,5))	(((1,2),3),(4,5))	361	4
((1,(2,3)),(4,5))	(((1,2),3),(4,5))	363	5
((1,(2,3)),(4,5))	(((1,2),3),(4,5))	364	4
((1,(2,3)),(4,5))	(((1,2),3),(4,5))	365	4
((1,(2,3)),(4,5))	(((1,2),3),(4,5))	366	5
((1,(2,3)),(4,5))	(((1,2),3),(4,5))	367	2
((1,(2,3)),(4,5))	(((1,2),3),(4,5))	368	3
((1,(2,3)),(4,5))	(((1,2),3),(4,5))	369	6
((1,(2,3)),(4,5))	(((1,2),3),(4,5))	370	6
((1,(2,3)),(4,5))	(((1,2),3),(4,5))	371	3
((1,(2,3)),(4,5))	(((1,2),3),(4,5))	372	4
((1,(2,3)),(4,5))	(((1,2),3),(4,5))	373	3
((1,(2,3)),(4,5))	(((1,2),3),(4,5))	374	3
((1,(2,3)),(4,5))	(((1,2),3),(4,5))	375	1
((1,(2,3)),(4,5))	(((1,2),3),(4,5))	376	1
((1,(2,3)),(4,5))	(((1,2),3),(4,5))	377	5
((1,(2,3)),(4,5))	(((1,2),3),(4,5))	378	2
((1,(2,3)),(4,5))	(((1,2),3),(4,5))	379	5
((1,(2,3)),(4,5))	(((1,2),3),(4,5))	380	4
((1,(2,3)),(4,5))	(((1,2),3),(4,5))	381	4
((1,(2,3)),(4,5))	(((1,2),3),(4,5))	383	4
((1,(2,3)),(4,5))	(((1,2),3),(4,5))	384	2
((1,(2,3)),(4,5))	(((1,2),3),(4,5))	385	1
((1,(2,3)),(4,5))	(((1,2),3),(4,5))	386	5
((1,(2,3)),(4,5))	(((1,2),3),(4,5))	387	1
((1,(2,3)),(4,5))	(((1,2),3),(4,5))	388	6
((1,(2,3)),(4,5))	(((1,2),3),(4,5))	389	3
((1,(2,3)),(4,5))	(((1,2),3),(4,5))	390	3
((1,(2,3)),(4,5))	(((1,2),3),(4,5))	391	4
((1,(2,3)),(4,5))	(((1,2),3),(4,5))	392	1
((1,(2,3)),(4,5))	(((1,2),3),(4,5))	393	2
((1,(2,3)),(4,5))	(((1,2),3),(4,5))	394	5
((1,(2,3)),(4,5))	(((1,2),3),(4,5))	395	4
((1,(2,3)),(4,5))	(((1,2),3),(4,5))	396	4
((1,(2,3)),(4,5))	(((1,2),3),(4,5))	397	3
((1,(2,3)),(4,5))	(((1,2),3),(4,5))	398	2
((1,(2,3)),(4,5))	(((1,2),3),(4,5))	399	3
((1,(2,3)),(4,5))	(((1,2),3),(4,5))	400	3
((1,(2,3)),(4,5))	(((1,2),3),(4,5))	401	4
((1,(2,3)),(4,5))	(((1,2),3),(4,5))	402	3
((1,(2,3)),(4,5))	(((1,2),3),(4,5))	404	1
((1,(2,3)),(4,5))	(((1,2),3),(4,5))	405	1
((1,(2,3)),(4,5))	(((1,2),3),(4,5))	406	4
((1,(2,3)),(4,5))	(((1,2),3),(4,5))	408	3
((1,(2,3)),(4,5))	(((1,2),3),(4,5))	409	2
((1,(2,3)),(4,5))	(((1,2),3),(4,5))	410	2
((1,(2,3)),(4,5))	(((1,2),3),(4,5))	411	2
((1,(2,3)),(4,5))	(((1,2),3),(4,5))	412	1
((1,(2,3)),(4,5))	(((1,2),3),(4,5))	413	1
((1,(2,3)),(4,5))	(((1,2),3),(4,5))	414	1
((1,(2,3)),(4,5))	(((1,2),3),(4,5))	415	2
((1,(2,3)),(4,5))	(((1,2),3),(4,5))	416	3
((1,(2,3)),(4,5))	(((1,2),3),(4,5))	417	2
((1,(2,3)),(4,5))	(((1,2),3),(4,5))	419	1
((1,(2,3)),(4,5))	(((1,2),3),(4,5))	420	3
((1,(2,3)),(4,5))	(((1,2),3),(4,5))	422	2
((1,(2,3)),(4,5))	(((1,2),3),(4,5))	423	1
((1,(2,3)),(4,5))	(((1,2),3),(4,5))	424	2
((1,(2,3)),(4,5))	(((1,2),3),(4,5))	425	1
((1,(2,3)),(4,5))	(((1,2),3),(4,5))	427	2
((1,(2,3)),(4,5))	(((1,2),3),(4,5))	429	1
((1,(2,3)),(4,5))	(((1,2),3),(4,5))	431	1
((1,(2,3)),(4,5))	(((1,2),3),(4,5))	432	2
((1,(2,3)),(4,5))	(((1,2),3),(4,5))	433	1
((1,(2,3)),(4,5))	(((1,2),3),(4,5))	434	1
((1,(2,3)),(4,5))	(((1,2),3),(4,5))	436	1
((1,(2,3)),(4,5))	(((1,2),3),(4,5))	437	3
((1,(2,3)),(4,5))	(((1,2),3),(4,5))	438	1
((1,(2,3)),(4,5))	(((1,2),3),(4,5))	439	1
((1,(2,3)),(4,5))	(((1,2),3),(4,5))	442	1
((1,(2,3)),(4,5))	(((1,2),3),(4,5))	443	1
((1,(2,3)),(4,5))	(((1,2),3),(4,5))	444	1
((1,(2,3)),(4,5))	(((1,2),3),(4,5))	445	1
((1,(2,3)),(4,5))	(((1,2),3),(4,5))	447	2
((1,(2,3)),(4,5))	(((1,2),3),(4,5))	448	1
((1,(2,3)),(4,5))	(((1,2),3),(4,5))	450	1
((1,(2,3)),(4,5))	(((1,2),3),(4,5))	453	3
((1,(2,3)),(4,5))	(((1,2),3),(4,5))	454	2
((1,(2,3)),(4,5))	(((1,2),3),(4,5))	455	1
((1,(2,3)),(4,5))	(((1,2),3),(4,5))	460	1
((1,(2,3)),(4,5))	(((1,2),3),(4,5))	462	1
((1,(2,3)),(4,5))	(((1,2),3),(4,5))	463	2
((1,(2,3)),(4,5))	(((1,2),3),(4,5))	465	3
((1,(2,3)),(4,5))	(((1,2),3),(4,5))	468	1
((1,(2,3)),(4,5))	(((1,2),3),(4,5))	471	1
((1,(2,3)),(4,5))	(((1,2),3),(4,5))	472	1
((1,(2,3)),(4,5))	(((1,2),3),(4,5))	473	1
((1,(2,3)),(4,5))	(((1,2),3),(4,5))	475	1
((1,(2,3)),(4,5))	(((1,2),3),(4,5))	477	1
((1,(2,3)),(4,5))	(((1,2),3),(4,5))	481	3
((1,(2,3)),(4,5))	(((1,2),3),(4,5))	482	1
((1,(2,3)),(4,5))	(((1,2),3),(4,5))	484	1
((1,(2,3)),(4,5))	(((1,2),3),(4,5))	488	1
((1,(2,3)),(4,5))	(((1,2),3),(4,5))	494	1
((1,(2,3)),(4,5))	(((1,2),3),(4,5))	496	1
((1,(2,3)),(4,5))	(((1,2),3),(4,5))	510	2
((1,(2,3)),(4,5))	(((1,2),3),(4,5))	514	1
((1,(2,3)),(4,5))	(((1,2),3),(4,5))	516	1
((1,(2,3)),(4,5))	(((1,2),3),(4,5))	525	1
((1,(2,3)),(4,5))	(((1,2),3),(4,5))	548	1
((1,(2,3)),(4,5))	(((1,2),3),(4,5))	560	1
((1,(2,3)),(4,5))	(((1,2),3),(4,5))	572	1
((1,(2,3)),(4,5))	(((1,2),3),(4,5))	574	1
((1,(2,3)),(4,5))	(((1,2),3),(4,5))	579	1
((1,(2,3)),(4,5))	(((1,2),3),(4,5))	596	1
((1,(2,3)),(4,5))	(((1,2),3),(4,5))	648	1
((1,(2,3)),(4,5))	(((1,2),3),(4,5))	708	1
((1,(2,3)),(4,5))	((1,(2,3)),(4,5))	2	3064
((1,(2,3)),(4,5))	((1,(2,3)),(4,5))	3	4340
((1,(2,3)),(4,5))	((1,(2,3)),(4,5))	4	4725
((1,(2,3)),(4,5))	((1,(2,3)),(4,5))	5	4571
((1,(2,3)),(4,5))	((1,(2,3)),(4,5))	6	4444
((1,(2,3)),(4,5))	((1,(2,3)),(4,5))	7	4242
((1,(2,3)),(4,5))	((1,(2,3)),(4,5))	8	4025
((1,(2,3)),(4,5))	((1,(2,3)),(4,5))	9	3785
((1,(2,3)),(4,5))	((1,(2,3)),(4,5))	10	3656
((1,(2,3)),(4,5))	((1,(2,3)),(4,5))	11	3419
((1,(2,3)),(4,5))	((1,(2,3)),(4,5))	12	3340
((1,(2,3)),(4,5))	((1,(2,3)),(4,5))	13	3266
((1,(2,3)),(4,5))	((1,(2,3)),(4,5))	14	3045
((1,(2,3)),(4,5))	((1,(2,3)),(4,5))	15	3011
((1,(2,3)),(4,5))	((1,(2,3)),(4,5))	16	2941
((1,(2,3)),(4,5))	((1,(2,3)),(4,5))	17	2761
((1,(2,3)),(4,5))	((1,(2,3)),(4,5))	18	2776
((1,(2,3)),(4,5))	((1,(2,3)),(4,5))	19	2677
((1,(2,3)),(4,5))	((1,(2,3)),(4,5))	20	2662
((1,(2,3)),(4,5))	((1,(2,3)),(4,5))	21	2567
((1,(2,3)),(4,5))	((1,(2,3)),(4,5))	22	2503
((1,(2,3)),(4,5))	((1,(2,3)),(4,5))	23	2488
((1,(2,3)),(4,5))	((1,(2,3)),(4,5))	24	2365
((1,(2,3)),(4,5))	((1,(2,3)),(4,5))	25	2362
((1,(2,3)),(4,5))	((1,(2,3)),(4,5))	26	2295
((1,(2,3)),(4,5))	((1,(2,3)),(4,5))	27	2179
((1,(2,3)),(4,5))	((1,(2,3)),(4,5))	28	2164
((1,(2,3)),(4,5))	((1,(2,3)),(4,5))	29	2141
((1,(2,3)),(4,5))	((1,(2,3)),(4,5))	30	2020
((1,(2,3)),(4,5))	((1,(2,3)),(4,5))	31	2050
((1,(2,3)),(4,5))	((1,(2,3)),(4,5))	32	1948
((1,(2,3)),(4,5))	((1,(2,3)),(4,5))	33	1915
((1,(2,3)),(4,5))	((1,(2,3)),(4,5))	34	1892
((1,(2,3)),(4,5))	((1,(2,3)),(4,5))	35	1927
((1,(2,3)),(4,5))	((1,(2,3)),(4,5))	36	1795
((1,(2,3)),(4,5))	((1,(2,3)),(4,5))	37	1896
((1,(2,3)),(4,5))	((1,(2,3)),(4,5))	38	1769
((1,(2,3)),(4,5))	((1,(2,3)),(4,5))	39	1742
((1,(2,3)),(4,5))	((1,(2,3)),(4,5))	40	1746
((1,(2,3)),(4,5))	((1,(2,3)),(4,5))	41	1680
((1,(2,3)),(4,5))	((1,(2,3)),(4,5))	42	1694
((1,(2,3)),(4,5))	((1,(2,3)),(4,5))	43	1623
((1,(2,3)),(4,5))	((1,(2,3)),(4,5))	44	1520
((1,(2,3)),(4,5))	((1,(2,3)),(4,5))	45	1547
((1,(2,3)),(4,5))	((1,(2,3)),(4,5))	46	1440
((1,(2,3)),(4,5))	((1,(2,3)),(4,5))	47	1540
((1,(2,3)),(4,5))	((1,(2,3)),(4,5))	48	1421
((1,(2,3)),(4,5))	((1,(2,3)),(4,5))	49	1464
((1,(2,3)),(4,5))	((1,(2,3)),(4,5))	50	1414
((1,(2,3)),(4,5))	((1,(2,3)),(4,5))	51	1314
((1,(2,3)),(4,5))	((1,(2,3)),(4,5))	52	1367
((1,(2,3)),(4,5))	((1,(2,3)),(4,5))	53	1323
((1,(2,3)),(4,5))	((1,(2,3)),(4,5))	54	1311
((1,(2,3)),(4,5))	((1,(2,3)),(4,5))	55	1277
((1,(2,3)),(4,5))	((1,(2,3)),(4,5))	56	1305
((1,(2,3)),(4,5))	((1,(2,3)),(4,5))	57	1205
((1,(2,3)),(4,5))	((1,(2,3)),(4,5))	58	1187
((1,(2,3)),(4,5))	((1,(2,3)),(4,5))	59	1147
((1,(2,3)),(4,5))	((1,(2,3)),(4,5))	60	1135
((1,(2,3)),(4,5))	((1,(2,3)),(4,5))	61	1101
((1,(2,3)),(4,5))	((1,(2,3)),(4,5))	62	1124
((1,(2,3)),(4,5))	((1,(2,3)),(4,5))	63	1126
((1,(2,3)),(4,5))	((1,(2,3)),(4,5))	64	1137
((1,(2,3)),(4,5))	((1,(2,3)),(4,5))	65	1014
((1,(2,3)),(4,5))	((1,(2,3)),(4,5))	66	984
((1,(2,3)),(4,5))	((1,(2,3)),(4,5))	67	1007
((1,(2,3)),(4,5))	((1,(2,3)),(4,5))	68	964
((1,(2,3)),(4,5))	((1,(2,3)),(4,5))	69	982
((1,(2,3)),(4,5))	((1,(2,3)),(4,5))	70	932
((1,(2,3)),(4,5))	((1,(2,3)),(4,5))	71	922
((1,(2,3)),(4,5))	((1,(2,3)),(4,5))	72	863
((1,(2,3)),(4,5))	((1,(2,3)),(4,5))	73	940
((1,(2,3)),(4,5))	((1,(2,3)),(4,5))	74	855
((1,(2,3)),(4,5))	((1,(2,3)),(4,5))	75	845
((1,(2,3)),(4,5))	((1,(2,3)),(4,5))	76	788
((1,(2,3)),(4,5))	((1,(2,3)),(4,5))	77	777
((1,(2,3)),(4,5))	((1,(2,3)),(4,5))	78	792
((1,(2,3)),(4,5))	((1,(2,3)),(4,5))	79	821
((1,(2,3)),(4,5))	((1,(2,3)),(4,5))	80	747
((1,(2,3)),(4,5))	((1,(2,3)),(4,5))	81	758
((1,(2,3)),(4,5))	((1,(2,3)),(4,5))	82	750
((1,(2,3)),(4,5))	((1,(2,3)),(4,5))	83	741
((1,(2,3)),(4,5))	((1,(2,3)),(4,5))	84	701
((1,(2,3)),(4,5))	((1,(2,3)),(4,5))	85	715
((1,(2,3)),(4,5))	((1,(2,3)),(4,5))	86	691
((1,(2,3)),(4,5))	((1,(2,3)),(4,5))	87	679
((1,(2,3)),(4,5))	((1,(2,3)),(4,5))	88	683
((1,(2,3)),(4,5))	((1,(2,3)),(4,5))	89	651
((1,(2,3)),(4,5))	((1,(2,3)),(4,5))	90	630
((1,(2,3)),(4,5))	((1,(2,3)),(4,5))	91	610
((1,(2,3)),(4,5))	((1,(2,3)),(4,5))	92	675
((1,(2,3)),(4,5))	((1,(2,3)),(4,5))	93	625
((1,(2,3)),(4,5))	((1,(2,3)),(4,5))	94	585
((1,(2,3)),(4,5))	((1,(2,3)),(4,5))	95	598
((1,(2,3)),(4,5))	((1,(2,3)),(4,5))	96	550
((1,(2,3)),(4,5))	((1,(2,3)),(4,5))	97	559
((1,(2,3)),(4,5))	((1,(2,3)),(4,5))	98	554
((1,(2,3)),(4,5))	((1,(2,3)),(4,5))	99	522
((1,(2,3)),(4,5))	((1,(2,3)),(4,5))	100	542
((1,(2,3)),(4,5))	((1,(2,3)),(4,5))	101	503
((1,(2,3)),(4,5))	((1,(2,3)),(4,5))	102	510
((1,(2,3)),(4,5))	((1,(2,3)),(4,5))	103	529
((1,(2,3)),(4,5))	((1,(2,3)),(4,5))	104	453
((1,(2,3)),(4,5))	((1,(2,3)),(4,5))	105	438
((1,(2,3)),(4,5))	((1,(2,3)),(4,5))	106	438
((1,(2,3)),(4,5))	((1,(2,3)),(4,5))	107	485
((1,(2,3)),(4,5))	((1,(2,3)),(4,5))	108	445
((1,(2,3)),(4,5))	((1,(2,3)),(4,5))	109	443
((1,(2,3)),(4,5))	((1,(2,3)),(4,5))	110	444
((1,(2,3)),(4,5))	((1,(2,3)),(4,5))	111	441
((1,(2,3)),(4,5))	((1,(2,3)),(4,5))	112	400
((1,(2,3)),(4,5))	((1,(2,3)),(4,5))	113	386
((1,(2,3)),(4,5))	((1,(2,3)),(4,5))	114	423
((1,(2,3)),(4,5))	((1,(2,3)),(4,5))	115	394
((1,(2,3)),(4,5))	((1,(2,3)),(4,5))	116	410
((1,(2,3)),(4,5))	((1,(2,3)),(4,5))	117	402
((1,(2,3)),(4,5))	((1,(2,3)),(4,5))	118	356
((1,(2,3)),(4,5))	((1,(2,3)),(4,5))	119	376
((1,(2,3)),(4,5))	((1,(2,3)),(4,5))	120	342
((1,(2,3)),(4,5))	((1,(2,3)),(4,5))	121	354
((1,(2,3)),(4,5))	((1,(2,3)),(4,5))	122	378
((1,(2,3)),(4,5))	((1,(2,3)),(4,5))	123	360
((1,(2,3)),(4,5))	((1,(2,3)),(4,5))	124	360
((1,(2,3)),(4,5))	((1,(2,3)),(4,5))	125	312
((1,(2,3)),(4,5))	((1,(2,3)),(4,5))	126	295
((1,(2,3)),(4,5))	((1,(2,3)),(4,5))	127	326
((1,(2,3)),(4,5))	((1,(2,3)),(4,5))	128	295
((1,(2,3)),(4,5))	((1,(2,3)),(4,5))	129	357
((1,(2,3)),(4,5))	((1,(2,3)),(4,5))	130	319
((1,(2,3)),(4,5))	((1,(2,3)),(4,5))	131	285
((1,(2,3)),(4,5))	((1,(2,3)),(4,5))	132	317
((1,(2,3)),(4,5))	((1,(2,3)),(4,5))	133	303
((1,(2,3)),(4,5))	((1,(2,3)),(4,5))	134	297
((1,(2,3)),(4,5))	((1,(2,3)),(4,5))	135	283
((1,(2,3)),(4,5))	((1,(2,3)),(4,5))	136	263
((1,(2,3)),(4,5))	((1,(2,3)),(4,5))	137	235
((1,(2,3)),(4,5))	((1,(2,3)),(4,5))	138	226
((1,(2,3)),(4,5))	((1,(2,3)),(4,5))	139	279
((1,(2,3)),(4,5))	((1,(2,3)),(4,5))	140	262
((1,(2,3)),(4,5))	((1,(2,3)),(4,5))	141	248
((1,(2,3)),(4,5))	((1,(2,3)),(4,5))	142	226
((1,(2,3)),(4,5))	((1,(2,3)),(4,5))	143	225
((1,(2,3)),(4,5))	((1,(2,3)),(4,5))	144	249
((1,(2,3)),(4,5))	((1,(2,3)),(4,5))	145	218
((1,(2,3)),(4,5))	((1,(2,3)),(4,5))	146	234
((1,(2,3)),(4,5))	((1,(2,3)),(4,5))	147	225
((1,(2,3)),(4,5))	((1,(2,3)),(4,5))	148	239
((1,(2,3)),(4,5))	((1,(2,3)),(4,5))	149	196
((1,(2,3)),(4,5))	((1,(2,3)),(4,5))	150	216
((1,(2,3)),(4,5))	((1,(2,3)),(4,5))	151	170
((1,(2,3)),(4,5))	((1,(2,3)),(4,5))	152	192
((1,(2,3)),(4,5))	((1,(2,3)),(4,5))	153	185
((1,(2,3)),(4,5))	((1,(2,3)),(4,5))	154	186
((1,(2,3)),(4,5))	((1,(2,3)),(4,5))	155	203
((1,(2,3)),(4,5))	((1,(2,3)),(4,5))	156	194
((1,(2,3)),(4,5))	((1,(2,3)),(4,5))	157	201
((1,(2,3)),(4,5))	((1,(2,3)),(4,5))	158	171
((1,(2,3)),(4,5))	((1,(2,3)),(4,5))	159	173
((1,(2,3)),(4,5))	((1,(2,3)),(4,5))	160	173
((1,(2,3)),(4,5))	((1,(2,3)),(4,5))	161	149
((1,(2,3)),(4,5))	((1,(2,3)),(4,5))	162	157
((1,(2,3)),(4,5))	((1,(2,3)),(4,5))	163	164
((1,(2,3)),(4,5))	((1,(2,3)),(4,5))	164	159
((1,(2,3)),(4,5))	((1,(2,3)),(4,5))	165	171
((1,(2,3)),(4,5))	((1,(2,3)),(4,5))	166	154
((1,(2,3)),(4,5))	((1,(2,3)),(4,5))	167	149
((1,(2,3)),(4,5))	((1,(2,3)),(4,5))	168	153
((1,(2,3)),(4,5))	((1,(2,3)),(4,5))	169	163
((1,(2,3)),(4,5))	((1,(2,3)),(4,5))	170	153
((1,(2,3)),(4,5))	((1,(2,3)),(4,5))	171	144
((1,(2,3)),(4,5))	((1,(2,3)),(4,5))	172	132
((1,(2,3)),(4,5))	((1,(2,3)),(4,5))	173	138
((1,(2,3)),(4,5))	((1,(2,3)),(4,5))	174	142
((1,(2,3)),(4,5))	((1,(2,3)),(4,5))	175	128
((1,(2,3)),(4,5))	((1,(2,3)),(4,5))	176	123
((1,(2,3)),(4,5))	((1,(2,3)),(4,5))	177	129
((1,(2,3)),(4,5))	((1,(2,3)),(4,5))	178	110
((1,(2,3)),(4,5))	((1,(2,3)),(4,5))	179	110
((1,(2,3)),(4,5))	((1,(2,3)),(4,5))	180	111
((1,(2,3)),(4,5))	((1,(2,3)),(4,5))	181	112
((1,(2,3)),(4,5))	((1,(2,3)),(4,5))	182	106
((1,(2,3)),(4,5))	((1,(2,3)),(4,5))	183	103
((1,(2,3)),(4,5))	((1,(2,3)),(4,5))	184	103
((1,(2,3)),(4,5))	((1,(2,3)),(4,5))	185	112
((1,(2,3)),(4,5))	((1,(2,3)),(4,5))	186	97
((1,(2,3)),(4,5))	((1,(2,3)),(4,5))	187	88
((1,(2,3)),(4,5))	((1,(2,3)),(4,5))	188	98
((1,(2,3)),(4,5))	((1,(2,3)),(4,5))	189	103
((1,(2,3)),(4,5))	((1,(2,3)),(4,5))	190	101
((1,(2,3)),(4,5))	((1,(2,3)),(4,5))	191	90
((1,(2,3)),(4,5))	((1,(2,3)),(4,5))	192	84
((1,(2,3)),(4,5))	((1,(2,3)),(4,5))	193	93
((1,(2,3)),(4,5))	((1,(2,3)),(4,5))	194	81
((1,(2,3)),(4,5))	((1,(2,3)),(4,5))	195	85
((1,(2,3)),(4,5))	((1,(2,3)),(4,5))	196	100
((1,(2,3)),(4,5))	((1,(2,3)),(4,5))	197	82
((1,(2,3)),(4,5))	((1,(2,3)),(4,5))	198	80
((1,(2,3)),(4,5))	((1,(2,3)),(4,5))	199	69
((1,(2,3)),(4,5))	((1,(2,3)),(4,5))	200	89
((1,(2,3)),(4,5))	((1,(2,3)),(4,5))	201	86
((1,(2,3)),(4,5))	((1,(2,3)),(4,5))	202	76
((1,(2,3)),(4,5))	((1,(2,3)),(4,5))	203	68
((1,(2,3)),(4,5))	((1,(2,3)),(4,5))	204	75
((1,(2,3)),(4,5))	((1,(2,3)),(4,5))	205	81
((1,(2,3)),(4,5))	((1,(2,3)),(4,5))	206	71
((1,(2,3)),(4,5))	((1,(2,3)),(4,5))	207	75
((1,(2,3)),(4,5))	((1,(2,3)),(4,5))	208	73
((1,(2,3)),(4,5))	((1,(2,3)),(4,5))	209	55
((1,(2,3)),(4,5))	((1,(2,3)),(4,5))	210	76
((1,(2,3)),(4,5))	((1,(2,3)),(4,5))	211	68
((1,(2,3)),(4,5))	((1,(2,3)),(4,5))	212	72
((1,(2,3)),(4,5))	((1,(2,3)),(4,5))	213	60
((1,(2,3)),(4,5))	((1,(2,3)),(4,5))	214	56
((1,(2,3)),(4,5))	((1,(2,3)),(4,5))	215	51
((1,(2,3)),(4,5))	((1,(2,3)),(4,5))	216	68
((1,(2,3)),(4,5))	((1,(2,3)),(4,5))	217	42
((1,(2,3)),(4,5))	((1,(2,3)),(4,5))	218	66
((1,(2,3)),(4,5))	((1,(2,3)),(4,5))	219	69
((1,(2,3)),(4,5))	((1,(2,3)),(4,5))	220	50
((1,(2,3)),(4,5))	((1,(2,3)),(4,5))	221	42
((1,(2,3)),(4,5))	((1,(2,3)),(4,5))	222	52
((1,(2,3)),(4,5))	((1,(2,3)),(4,5))	223	48
((1,(2,3)),(4,5))	((1,(2,3)),(4,5))	224	53
((1,(2,3)),(4,5))	((1,(2,3)),(4,5))	225	41
((1,(2,3)),(4,5))	((1,(2,3)),(4,5))	226	56
((1,(2,3)),(4,5))	((1,(2,3)),(4,5))	227	55
((1,(2,3)),(4,5))	((1,(2,3)),(4,5))	228	43
((1,(2,3)),(4,5))	((1,(2,3)),(4,5))	229	44
((1,(2,3)),(4,5))	((1,(2,3)),(4,5))	230	39
((1,(2,3)),(4,5))	((1,(2,3)),(4,5))	231	42
((1,(2,3)),(4,5))	((1,(2,3)),(4,5))	232	42
((1,(2,3)),(4,5))	((1,(2,3)),(4,5))	233	38
((1,(2,3)),(4,5))	((1,(2,3)),(4,5))	234	36
((1,(2,3)),(4,5))	((1,(2,3)),(4,5))	235	31
((1,(2,3)),(4,5))	((1,(2,3)),(4,5))	236	37
((1,(2,3)),(4,5))	((1,(2,3)),(4,5))	237	52
((1,(2,3)),(4,5))	((1,(2,3)),(4,5))	238	42
((1,(2,3)),(4,5))	((1,(2,3)),(4,5))	239	30
((1,(2,3)),(4,5))	((1,(2,3)),(4,5))	240	39
((1,(2,3)),(4,5))	((1,(2,3)),(4,5))	241	41
((1,(2,3)),(4,5))	((1,(2,3)),(4,5))	242	29
((1,(2,3)),(4,5))	((1,(2,3)),(4,5))	243	28
((1,(2,3)),(4,5))	((1,(2,3)),(4,5))	244	31
((1,(2,3)),(4,5))	((1,(2,3)),(4,5))	245	25
((1,(2,3)),(4,5))	((1,(2,3)),(4,5))	246	33
((1,(2,3)),(4,5))	((1,(2,3)),(4,5))	247	28
((1,(2,3)),(4,5))	((1,(2,3)),(4,5))	248	40
((1,(2,3)),(4,5))	((1,(2,3)),(4,5))	249	32
((1,(2,3)),(4,5))	((1,(2,3)),(4,5))	250	28
((1,(2,3)),(4,5))	((1,(2,3)),(4,5))	251	34
((1,(2,3)),(4,5))	((1,(2,3)),(4,5))	252	28
((1,(2,3)),(4,5))	((1,(2,3)),(4,5))	253	30
((1,(2,3)),(4,5))	((1,(2,3)),(4,5))	254	28
((1,(2,3)),(4,5))	((1,(2,3)),(4,5))	255	26
((1,(2,3)),(4,5))	((1,(2,3)),(4,5))	256	29
((1,(2,3)),(4,5))	((1,(2,3)),(4,5))	257	34
((1,(2,3)),(4,5))	((1,(2,3)),(4,5))	258	26
((1,(2,3)),(4,5))	((1,(2,3)),(4,5))	259	19
((1,(2,3)),(4,5))	((1,(2,3)),(4,5))	260	30
((1,(2,3)),(4,5))	((1,(2,3)),(4,5))	261	25
((1,(2,3)),(4,5))	((1,(2,3)),(4,5))	262	23
((1,(2,3)),(4,5))	((1,(2,3)),(4,5))	263	24
((1,(2,3)),(4,5))	((1,(2,3)),(4,5))	264	17
((1,(2,3)),(4,5))	((1,(2,3)),(4,5))	265	19
((1,(2,3)),(4,5))	((1,(2,3)),(4,5))	266	18
((1,(2,3)),(4,5))	((1,(2,3)),(4,5))	267	23
((1,(2,3)),(4,5))	((1,(2,3)),(4,5))	268	18
((1,(2,3)),(4,5))	((1,(2,3)),(4,5))	269	26
((1,(2,3)),(4,5))	((1,(2,3)),(4,5))	270	13
((1,(2,3)),(4,5))	((1,(2,3)),(4,5))	271	24
((1,(2,3)),(4,5))	((1,(2,3)),(4,5))	272	24
((1,(2,3)),(4,5))	((1,(2,3)),(4,5))	273	15
((1,(2,3)),(4,5))	((1,(2,3)),(4,5))	274	21
((1,(2,3)),(4,5))	((1,(2,3)),(4,5))	275	21
((1,(2,3)),(4,5))	((1,(2,3)),(4,5))	276	18
((1,(2,3)),(4,5))	((1,(2,3)),(4,5))	277	29
((1,(2,3)),(4,5))	((1,(2,3)),(4,5))	278	18
((1,(2,3)),(4,5))	((1,(2,3)),(4,5))	279	11
((1,(2,3)),(4,5))	((1,(2,3)),(4,5))	280	16
((1,(2,3)),(4,5))	((1,(2,3)),(4,5))	281	13
((1,(2,3)),(4,5))	((1,(2,3)),(4,5))	282	23
((1,(2,3)),(4,5))	((1,(2,3)),(4,5))	283	13
((1,(2,3)),(4,5))	((1,(2,3)),(4,5))	284	14
((1,(2,3)),(4,5))	((1,(2,3)),(4,5))	285	15
((1,(2,3)),(4,5))	((1,(2,3)),(4,5))	286	15
((1,(2,3)),(4,5))	((1,(2,3)),(4,5))	287	17
((1,(2,3)),(4,5))	((1,(2,3)),(4,5))	288	11
((1,(2,3)),(4,5))	((1,(2,3)),(4,5))	289	12
((1,(2,3)),(4,5))	((1,(2,3)),(4,5))	290	15
((1,(2,3)),(4,5))	((1,(2,3)),(4,5))	291	11
((1,(2,3)),(4,5))	((1,(2,3)),(4,5))	292	11
((1,(2,3)),(4,5))	((1,(2,3)),(4,5))	293	22
((1,(2,3)),(4,5))	((1,(2,3)),(4,5))	294	17
((1,(2,3)),(4,5))	((1,(2,3)),(4,5))	295	11
((1,(2,3)),(4,5))	((1,(2,3)),(4,5))	296	12
((1,(2,3)),(4,5))	((1,(2,3)),(4,5))	297	15
((1,(2,3)),(4,5))	((1,(2,3)),(4,5))	298	18
((1,(2,3)),(4,5))	((1,(2,3)),(4,5))	299	11
((1,(2,3)),(4,5))	((1,(2,3)),(4,5))	300	15
((1,(2,3)),(4,5))	((1,(2,3)),(4,5))	301	12
((1,(2,3)),(4,5))	((1,(2,3)),(4,5))	302	14
((1,(2,3)),(4,5))	((1,(2,3)),(4,5))	303	8
((1,(2,3)),(4,5))	((1,(2,3)),(4,5))	304	10
((1,(2,3)),(4,5))	((1,(2,3)),(4,5))	305	7
((1,(2,3)),(4,5))	((1,(2,3)),(4,5))	306	20
((1,(2,3)),(4,5))	((1,(2,3)),(4,5))	307	7
((1,(2,3)),(4,5))	((1,(2,3)),(4,5))	308	10
((1,(2,3)),(4,5))	((1,(2,3)),(4,5))	309	11
((1,(2,3)),(4,5))	((1,(2,3)),(4,5))	310	9
((1,(2,3)),(4,5))	((1,(2,3)),(4,5))	311	7
((1,(2,3)),(4,5))	((1,(2,3)),(4,5))	312	10
((1,(2,3)),(4,5))	((1,(2,3)),(4,5))	313	10
((1,(2,3)),(4,5))	((1,(2,3)),(4,5))	314	10
((1,(2,3)),(4,5))	((1,(2,3)),(4,5))	315	3
((1,(2,3)),(4,5))	((1,(2,3)),(4,5))	316	9
((1,(2,3)),(4,5))	((1,(2,3)),(4,5))	317	4
((1,(2,3)),(4,5))	((1,(2,3)),(4,5))	318	8
((1,(2,3)),(4,5))	((1,(2,3)),(4,5))	319	4
((1,(2,3)),(4,5))	((1,(2,3)),(4,5))	320	5
((1,(2,3)),(4,5))	((1,(2,3)),(4,5))	321	10
((1,(2,3)),(4,5))	((1,(2,3)),(4,5))	322	3
((1,(2,3)),(4,5))	((1,(2,3)),(4,5))	323	10
((1,(2,3)),(4,5))	((1,(2,3)),(4,5))	324	7
((1,(2,3)),(4,5))	((1,(2,3)),(4,5))	325	13
((1,(2,3)),(4,5))	((1,(2,3)),(4,5))	326	5
((1,(2,3)),(4,5))	((1,(2,3)),(4,5))	327	8
((1,(2,3)),(4,5))	((1,(2,3)),(4,5))	328	6
((1,(2,3)),(4,5))	((1,(2,3)),(4,5))	329	10
((1,(2,3)),(4,5))	((1,(2,3)),(4,5))	330	6
((1,(2,3)),(4,5))	((1,(2,3)),(4,5))	331	7
((1,(2,3)),(4,5))	((1,(2,3)),(4,5))	332	7
((1,(2,3)),(4,5))	((1,(2,3)),(4,5))	333	5
((1,(2,3)),(4,5))	((1,(2,3)),(4,5))	334	6
((1,(2,3)),(4,5))	((1,(2,3)),(4,5))	335	6
((1,(2,3)),(4,5))	((1,(2,3)),(4,5))	336	5
((1,(2,3)),(4,5))	((1,(2,3)),(4,5))	337	6
((1,(2,3)),(4,5))	((1,(2,3)),(4,5))	338	6
((1,(2,3)),(4,5))	((1,(2,3)),(4,5))	339	4
((1,(2,3)),(4,5))	((1,(2,3)),(4,5))	340	5
((1,(2,3)),(4,5))	((1,(2,3)),(4,5))	341	9
((1,(2,3)),(4,5))	((1,(2,3)),(4,5))	342	3
((1,(2,3)),(4,5))	((1,(2,3)),(4,5))	343	3
((1,(2,3)),(4,5))	((1,(2,3)),(4,5))	344	5
((1,(2,3)),(4,5))	((1,(2,3)),(4,5))	345	8
((1,(2,3)),(4,5))	((1,(2,3)),(4,5))	346	5
((1,(2,3)),(4,5))	((1,(2,3)),(4,5))	347	4
((1,(2,3)),(4,5))	((1,(2,3)),(4,5))	348	3
((1,(2,3)),(4,5))	((1,(2,3)),(4,5))	349	3
((1,(2,3)),(4,5))	((1,(2,3)),(4,5))	350	10
((1,(2,3)),(4,5))	((1,(2,3)),(4,5))	351	6
((1,(2,3)),(4,5))	((1,(2,3)),(4,5))	352	2
((1,(2,3)),(4,5))	((1,(2,3)),(4,5))	353	5
((1,(2,3)),(4,5))	((1,(2,3)),(4,5))	354	10
((1,(2,3)),(4,5))	((1,(2,3)),(4,5))	355	4
((1,(2,3)),(4,5))	((1,(2,3)),(4,5))	356	6
((1,(2,3)),(4,5))	((1,(2,3)),(4,5))	357	7
((1,(2,3)),(4,5))	((1,(2,3)),(4,5))	358	5
((1,(2,3)),(4,5))	((1,(2,3)),(4,5))	359	3
((1,(2,3)),(4,5))	((1,(2,3)),(4,5))	360	1
((1,(2,3)),(4,5))	((1,(2,3)),(4,5))	361	6
((1,(2,3)),(4,5))	((1,(2,3)),(4,5))	362	4
((1,(2,3)),(4,5))	((1,(2,3)),(4,5))	363	2
((1,(2,3)),(4,5))	((1,(2,3)),(4,5))	364	4
((1,(2,3)),(4,5))	((1,(2,3)),(4,5))	365	1
((1,(2,3)),(4,5))	((1,(2,3)),(4,5))	366	1
((1,(2,3)),(4,5))	((1,(2,3)),(4,5))	367	3
((1,(2,3)),(4,5))	((1,(2,3)),(4,5))	368	6
((1,(2,3)),(4,5))	((1,(2,3)),(4,5))	369	7
((1,(2,3)),(4,5))	((1,(2,3)),(4,5))	370	5
((1,(2,3)),(4,5))	((1,(2,3)),(4,5))	371	3
((1,(2,3)),(4,5))	((1,(2,3)),(4,5))	372	2
((1,(2,3)),(4,5))	((1,(2,3)),(4,5))	373	1
((1,(2,3)),(4,5))	((1,(2,3)),(4,5))	374	7
((1,(2,3)),(4,5))	((1,(2,3)),(4,5))	375	2
((1,(2,3)),(4,5))	((1,(2,3)),(4,5))	376	1
((1,(2,3)),(4,5))	((1,(2,3)),(4,5))	377	4
((1,(2,3)),(4,5))	((1,(2,3)),(4,5))	378	2
((1,(2,3)),(4,5))	((1,(2,3)),(4,5))	379	2
((1,(2,3)),(4,5))	((1,(2,3)),(4,5))	380	1
((1,(2,3)),(4,5))	((1,(2,3)),(4,5))	381	2
((1,(2,3)),(4,5))	((1,(2,3)),(4,5))	382	2
((1,(2,3)),(4,5))	((1,(2,3)),(4,5))	383	3
((1,(2,3)),(4,5))	((1,(2,3)),(4,5))	384	4
((1,(2,3)),(4,5))	((1,(2,3)),(4,5))	385	3
((1,(2,3)),(4,5))	((1,(2,3)),(4,5))	386	3
((1,(2,3)),(4,5))	((1,(2,3)),(4,5))	387	4
((1,(2,3)),(4,5))	((1,(2,3)),(4,5))	388	5
((1,(2,3)),(4,5))	((1,(2,3)),(4,5))	389	1
((1,(2,3)),(4,5))	((1,(2,3)),(4,5))	390	2
((1,(2,3)),(4,5))	((1,(2,3)),(4,5))	391	1
((1,(2,3)),(4,5))	((1,(2,3)),(4,5))	393	1
((1,(2,3)),(4,5))	((1,(2,3)),(4,5))	394	1
((1,(2,3)),(4,5))	((1,(2,3)),(4,5))	395	1
((1,(2,3)),(4,5))	((1,(2,3)),(4,5))	396	1
((1,(2,3)),(4,5))	((1,(2,3)),(4,5))	397	4
((1,(2,3)),(4,5))	((1,(2,3)),(4,5))	398	1
((1,(2,3)),(4,5))	((1,(2,3)),(4,5))	399	1
((1,(2,3)),(4,5))	((1,(2,3)),(4,5))	402	1
((1,(2,3)),(4,5))	((1,(2,3)),(4,5))	403	3
((1,(2,3)),(4,5))	((1,(2,3)),(4,5))	404	4
((1,(2,3)),(4,5))	((1,(2,3)),(4,5))	405	3
((1,(2,3)),(4,5))	((1,(2,3)),(4,5))	406	1
((1,(2,3)),(4,5))	((1,(2,3)),(4,5))	407	4
((1,(2,3)),(4,5))	((1,(2,3)),(4,5))	408	1
((1,(2,3)),(4,5))	((1,(2,3)),(4,5))	409	2
((1,(2,3)),(4,5))	((1,(2,3)),(4,5))	410	1
((1,(2,3)),(4,5))	((1,(2,3)),(4,5))	411	1
((1,(2,3)),(4,5))	((1,(2,3)),(4,5))	412	2
((1,(2,3)),(4,5))	((1,(2,3)),(4,5))	414	1
((1,(2,3)),(4,5))	((1,(2,3)),(4,5))	416	1
((1,(2,3)),(4,5))	((1,(2,3)),(4,5))	417	1
((1,(2,3)),(4,5))	((1,(2,3)),(4,5))	418	4
((1,(2,3)),(4,5))	((1,(2,3)),(4,5))	419	2
((1,(2,3)),(4,5))	((1,(2,3)),(4,5))	420	1
((1,(2,3)),(4,5))	((1,(2,3)),(4,5))	421	1
((1,(2,3)),(4,5))	((1,(2,3)),(4,5))	422	2
((1,(2,3)),(4,5))	((1,(2,3)),(4,5))	425	1
((1,(2,3)),(4,5))	((1,(2,3)),(4,5))	426	1
((1,(2,3)),(4,5))	((1,(2,3)),(4,5))	428	2
((1,(2,3)),(4,5))	((1,(2,3)),(4,5))	430	1
((1,(2,3)),(4,5))	((1,(2,3)),(4,5))	432	1
((1,(2,3)),(4,5))	((1,(2,3)),(4,5))	433	1
((1,(2,3)),(4,5))	((1,(2,3)),(4,5))	435	2
((1,(2,3)),(4,5))	((1,(2,3)),(4,5))	437	1
((1,(2,3)),(4,5))	((1,(2,3)),(4,5))	442	1
((1,(2,3)),(4,5))	((1,(2,3)),(4,5))	443	1
((1,(2,3)),(4,5))	((1,(2,3)),(4,5))	449	1
((1,(2,3)),(4,5))	((1,(2,3)),(4,5))	452	1
((1,(2,3)),(4,5))	((1,(2,3)),(4,5))	454	1
((1,(2,3)),(4,5))	((1,(2,3)),(4,5))	455	1
((1,(2,3)),(4,5))	((1,(2,3)),(4,5))	456	2
((1,(2,3)),(4,5))	((1,(2,3)),(4,5))	459	1
((1,(2,3)),(4,5))	((1,(2,3)),(4,5))	465	1
((1,(2,3)),(4,5))	((1,(2,3)),(4,5))	466	1
((1,(2,3)),(4,5))	((1,(2,3)),(4,5))	475	1
((1,(2,3)),(4,5))	((1,(2,3)),(4,5))	476	1
((1,(2,3)),(4,5))	((1,(2,3)),(4,5))	479	1
((1,(2,3)),(4,5))	((1,(2,3)),(4,5))	484	1
((1,(2,3)),(4,5))	((1,(2,3)),(4,5))	485	1
((1,(2,3)),(4,5))	((1,(2,3)),(4,5))	488	1
((1,(2,3)),(4,5))	((1,(2,3)),(4,5))	493	1
((1,(2,3)),(4,5))	((1,(2,3)),(4,5))	496	1
((1,(2,3)),(4,5))	((1,(2,3)),(4,5))	503	1
((1,(2,3)),(4,5))	((1,(2,3)),(4,5))	507	1
((1,(2,3)),(4,5))	((1,(2,3)),(4,5))	511	1
((1,(2,3)),(4,5))	((1,(2,3)),(4,5))	514	1
((1,(2,3)),(4,5))	((1,(2,3)),(4,5))	515	1
((1,(2,3)),(4,5))	((1,(2,3)),(4,5))	516	1
((1,(2,3)),(4,5))	((1,(2,3)),(4,5))	528	2
((1,(2,3)),(4,5))	((1,(2,3)),(4,5))	533	1
((1,(2,3)),(4,5))	((1,(2,3)),(4,5))	535	1
((1,(2,3)),(4,5))	((1,(2,3)),(4,5))	538	1
((1,(2,3)),(4,5))	((1,(2,3)),(4,5))	540	2
((1,(2,3)),(4,5))	((1,(2,3)),(4,5))	545	1
((1,(2,3)),(4,5))	((1,(2,3)),(4,5))	586	1
((1,(2,3)),(4,5))	((1,(2,3)),(4,5))	598	1
