(((1,2),3),(4,5))	(((1,2),3),(4,5))	2	15084
(((1,2),3),(4,5))	(((1,2),3),(4,5))	3	21067
(((1,2),3),(4,5))	(((1,2),3),(4,5))	4	22955
(((1,2),3),(4,5))	(((1,2),3),(4,5))	5	22823
(((1,2),3),(4,5))	(((1,2),3),(4,5))	6	22333
(((1,2),3),(4,5))	(((1,2),3),(4,5))	7	21249
(((1,2),3),(4,5))	(((1,2),3),(4,5))	8	19996
(((1,2),3),(4,5))	(((1,2),3),(4,5))	9	19212
(((1,2),3),(4,5))	(((1,2),3),(4,5))	10	18335
(((1,2),3),(4,5))	(((1,2),3),(4,5))	11	17512
(((1,2),3),(4,5))	(((1,2),3),(4,5))	12	16957
(((1,2),3),(4,5))	(((1,2),3),(4,5))	13	16018
(((1,2),3),(4,5))	(((1,2),3),(4,5))	14	15587
(((1,2),3),(4,5))	(((1,2),3),(4,5))	15	15308
(((1,2),3),(4,5))	(((1,2),3),(4,5))	16	14732
(((1,2),3),(4,5))	(((1,2),3),(4,5))	17	14310
(((1,2),3),(4,5))	(((1,2),3),(4,5))	18	13926
(((1,2),3),(4,5))	(((1,2),3),(4,5))	19	13473
(((1,2),3),(4,5))	(((1,2),3),(4,5))	20	13073
(((1,2),3),(4,5))	(((1,2),3),(4,5))	21	12874
(((1,2),3),(4,5))	(((1,2),3),(4,5))	22	12614
(((1,2),3),(4,5))	(((1,2),3),(4,5))	23	12206
(((1,2),3),(4,5))	(((1,2),3),(4,5))	24	12197
(((1,2),3),(4,5))	(((1,2),3),(4,5))	25	11849
(((1,2),3),(4,5))	(((1,2),3),(4,5))	26	11340
(((1,2),3),(4,5))	(((1,2),3),(4,5))	27	11229
(((1,2),3),(4,5))	(((1,2),3),(4,5))	28	10846
(((1,2),3),(4,5))	(((1,2),3),(4,5))	29	10620
(((1,2),3),(4,5))	(((1,2),3),(4,5))	30	10638
(((1,2),3),(4,5))	(((1,2),3),(4,5))	31	10253
(((1,2),3),(4,5))	(((1,2),3),(4,5))	32	10036
(((1,2),3),(4,5))	(((1,2),3),(4,5))	33	9697
(((1,2),3),(4,5))	(((1,2),3),(4,5))	34	9748
(((1,2),3),(4,5))	(((1,2),3),(4,5))	35	9379
(((1,2),3),(4,5))	(((1,2),3),(4,5))	36	9280
(((1,2),3),(4,5))	(((1,2),3),(4,5))	37	8998
(((1,2),3),(4,5))	(((1,2),3),(4,5))	38	8821
(((1,2),3),(4,5))	(((1,2),3),(4,5))	39	8688
(((1,2),3),(4,5))	(((1,2),3),(4,5))	40	8484
(((1,2),3),(4,5))	(((1,2),3),(4,5))	41	8398
(((1,2),3),(4,5))	(((1,2),3),(4,5))	42	7986
(((1,2),3),(4,5))	(((1,2),3),(4,5))	43	7979
(((1,2),3),(4,5))	(((1,2),3),(4,5))	44	7864
(((1,2),3),(4,5))	(((1,2),3),(4,5))	45	7688
(((1,2),3),(4,5))	(((1,2),3),(4,5))	46	7470
(((1,2),3),(4,5))	(((1,2),3),(4,5))	47	7295
(((1,2),3),(4,5))	(((1,2),3),(4,5))	48	7247
(((1,2),3),(4,5))	(((1,2),3),(4,5))	49	6985
(((1,2),3),(4,5))	(((1,2),3),(4,5))	50	7070
(((1,2),3),(4,5))	(((1,2),3),(4,5))	51	6792
(((1,2),3),(4,5))	(((1,2),3),(4,5))	52	6616
(((1,2),3),(4,5))	(((1,2),3),(4,5))	53	6363
(((1,2),3),(4,5))	(((1,2),3),(4,5))	54	6513
(((1,2),3),(4,5))	(((1,2),3),(4,5))	55	6293
(((1,2),3),(4,5))	(((1,2),3),(4,5))	56	6081
(((1,2),3),(4,5))	(((1,2),3),(4,5))	57	6137
(((1,2),3),(4,5))	(((1,2),3),(4,5))	58	5873
(((1,2),3),(4,5))	(((1,2),3),(4,5))	59	5712
(((1,2),3),(4,5))	(((1,2),3),(4,5))	60	5683
(((1,2),3),(4,5))	(((1,2),3),(4,5))	61	5626
(((1,2),3),(4,5))	(((1,2),3),(4,5))	62	5501
(((1,2),3),(4,5))	(((1,2),3),(4,5))	63	5466
(((1,2),3),(4,5))	(((1,2),3),(4,5))	64	5250
(((1,2),3),(4,5))	(((1,2),3),(4,5))	65	5163
(((1,2),3),(4,5))	(((1,2),3),(4,5))	66	5070
(((1,2),3),(4,5))	(((1,2),3),(4,5))	67	4939
(((1,2),3),(4,5))	(((1,2),3),(4,5))	68	4698
(((1,2),3),(4,5))	(((1,2),3),(4,5))	69	4772
(((1,2),3),(4,5))	(((1,2),3),(4,5))	70	4649
(((1,2),3),(4,5))	(((1,2),3),(4,5))	71	4533
(((1,2),3),(4,5))	(((1,2),3),(4,5))	72	4496
(((1,2),3),(4,5))	(((1,2),3),(4,5))	73	4488
(((1,2),3),(4,5))	(((1,2),3),(4,5))	74	4300
(((1,2),3),(4,5))	(((1,2),3),(4,5))	75	4083
(((1,2),3),(4,5))	(((1,2),3),(4,5))	76	4116
(((1,2),3),(4,5))	(((1,2),3),(4,5))	77	4146
(((1,2),3),(4,5))	(((1,2),3),(4,5))	78	3919
(((1,2),3),(4,5))	(((1,2),3),(4,5))	79	3972
(((1,2),3),(4,5))	(((1,2),3),(4,5))	80	3897
(((1,2),3),(4,5))	(((1,2),3),(4,5))	81	3726
(((1,2),3),(4,5))	(((1,2),3),(4,5))	82	3651
(((1,2),3),(4,5))	(((1,2),3),(4,5))	83	3627
(((1,2),3),(4,5))	(((1,2),3),(4,5))	84	3586
(((1,2),3),(4,5))	(((1,2),3),(4,5))	85	3508
(((1,2),3),(4,5))	(((1,2),3),(4,5))	86	3460
(((1,2),3),(4,5))	(((1,2),3),(4,5))	87	3500
(((1,2),3),(4,5))	(((1,2),3),(4,5))	88	3261
(((1,2),3),(4,5))	(((1,2),3),(4,5))	89	3254
(((1,2),3),(4,5))	(((1,2),3),(4,5))	90	3163
(((1,2),3),(4,5))	(((1,2),3),(4,5))	91	3108
(((1,2),3),(4,5))	(((1,2),3),(4,5))	92	3099
(((1,2),3),(4,5))	(((1,2),3),(4,5))	93	3022
(((1,2),3),(4,5))	(((1,2),3),(4,5))	94	3042
(((1,2),3),(4,5))	(((1,2),3),(4,5))	95	3000
(((1,2),3),(4,5))	(((1,2),3),(4,5))	96	2903
(((1,2),3),(4,5))	(((1,2),3),(4,5))	97	2857
(((1,2),3),(4,5))	(((1,2),3),(4,5))	98	2667
(((1,2),3),(4,5))	(((1,2),3),(4,5))	99	2767
(((1,2),3),(4,5))	(((1,2),3),(4,5))	100	2611
(((1,2),3),(4,5))	(((1,2),3),(4,5))	101	2518
(((1,2),3),(4,5))	(((1,2),3),(4,5))	102	2486
(((1,2),3),(4,5))	(((1,2),3),(4,5))	103	2518
(((1,2),3),(4,5))	(((1,2),3),(4,5))	104	2514
(((1,2),3),(4,5))	(((1,2),3),(4,5))	105	2444
(((1,2),3),(4,5))	(((1,2),3),(4,5))	106	2349
(((1,2),3),(4,5))	(((1,2),3),(4,5))	107	2327
(((1,2),3),(4,5))	(((1,2),3),(4,5))	108	2247
(((1,2),3),(4,5))	(((1,2),3),(4,5))	109	2191
(((1,2),3),(4,5))	(((1,2),3),(4,5))	110	2109
(((1,2),3),(4,5))	(((1,2),3),(4,5))	111	2215
(((1,2),3),(4,5))	(((1,2),3),(4,5))	112	2100
(((1,2),3),(4,5))	(((1,2),3),(4,5))	113	2119
(((1,2),3),(4,5))	(((1,2),3),(4,5))	114	1956
(((1,2),3),(4,5))	(((1,2),3),(4,5))	115	1985
(((1,2),3),(4,5))	(((1,2),3),(4,5))	116	1943
(((1,2),3),(4,5))	(((1,2),3),(4,5))	117	1942
(((1,2),3),(4,5))	(((1,2),3),(4,5))	118	1881
(((1,2),3),(4,5))	(((1,2),3),(4,5))	119	1793
(((1,2),3),(4,5))	(((1,2),3),(4,5))	120	1822
(((1,2),3),(4,5))	(((1,2),3),(4,5))	121	1830
(((1,2),3),(4,5))	(((1,2),3),(4,5))	122	1691
(((1,2),3),(4,5))	(((1,2),3),(4,5))	123	1653
(((1,2),3),(4,5))	(((1,2),3),(4,5))	124	1687
(((1,2),3),(4,5))	(((1,2),3),(4,5))	125	1570
(((1,2),3),(4,5))	(((1,2),3),(4,5))	126	1632
(((1,2),3),(4,5))	(((1,2),3),(4,5))	127	1525
(((1,2),3),(4,5))	(((1,2),3),(4,5))	128	1519
(((1,2),3),(4,5))	(((1,2),3),(4,5))	129	1529
(((1,2),3),(4,5))	(((1,2),3),(4,5))	130	1491
(((1,2),3),(4,5))	(((1,2),3),(4,5))	131	1499
(((1,2),3),(4,5))	(((1,2),3),(4,5))	132	1427
(((1,2),3),(4,5))	(((1,2),3),(4,5))	133	1351
(((1,2),3),(4,5))	(((1,2),3),(4,5))	134	1394
(((1,2),3),(4,5))	(((1,2),3),(4,5))	135	1319
(((1,2),3),(4,5))	(((1,2),3),(4,5))	136	1325
(((1,2),3),(4,5))	(((1,2),3),(4,5))	137	1296
(((1,2),3),(4,5))	(((1,2),3),(4,5))	138	1333
(((1,2),3),(4,5))	(((1,2),3),(4,5))	139	1248
(((1,2),3),(4,5))	(((1,2),3),(4,5))	140	1209
(((1,2),3),(4,5))	(((1,2),3),(4,5))	141	1278
(((1,2),3),(4,5))	(((1,2),3),(4,5))	142	1177
(((1,2),3),(4,5))	(((1,2),3),(4,5))	143	1157
(((1,2),3),(4,5))	(((1,2),3),(4,5))	144	1126
(((1,2),3),(4,5))	(((1,2),3),(4,5))	145	1163
(((1,2),3),(4,5))	(((1,2),3),(4,5))	146	1107
(((1,2),3),(4,5))	(((1,2),3),(4,5))	147	1110
(((1,2),3),(4,5))	(((1,2),3),(4,5))	148	1044
(((1,2),3),(4,5))	(((1,2),3),(4,5))	149	1049
(((1,2),3),(4,5))	(((1,2),3),(4,5))	150	1085
(((1,2),3),(4,5))	(((1,2),3),(4,5))	151	965
(((1,2),3),(4,5))	(((1,2),3),(4,5))	152	983
(((1,2),3),(4,5))	(((1,2),3),(4,5))	153	961
(((1,2),3),(4,5))	(((1,2),3),(4,5))	154	926
(((1,2),3),(4,5))	(((1,2),3),(4,5))	155	994
(((1,2),3),(4,5))	(((1,2),3),(4,5))	156	897
(((1,2),3),(4,5))	(((1,2),3),(4,5))	157	966
(((1,2),3),(4,5))	(((1,2),3),(4,5))	158	839
(((1,2),3),(4,5))	(((1,2),3),(4,5))	159	882
(((1,2),3),(4,5))	(((1,2),3),(4,5))	160	780
(((1,2),3),(4,5))	(((1,2),3),(4,5))	161	842
(((1,2),3),(4,5))	(((1,2),3),(4,5))	162	848
(((1,2),3),(4,5))	(((1,2),3),(4,5))	163	825
(((1,2),3),(4,5))	(((1,2),3),(4,5))	164	816
(((1,2),3),(4,5))	(((1,2),3),(4,5))	165	721
(((1,2),3),(4,5))	(((1,2),3),(4,5))	166	727
(((1,2),3),(4,5))	(((1,2),3),(4,5))	167	733
(((1,2),3),(4,5))	(((1,2),3),(4,5))	168	702
(((1,2),3),(4,5))	(((1,2),3),(4,5))	169	736
(((1,2),3),(4,5))	(((1,2),3),(4,5))	170	724
(((1,2),3),(4,5))	(((1,2),3),(4,5))	171	699
(((1,2),3),(4,5))	(((1,2),3),(4,5))	172	687
(((1,2),3),(4,5))	(((1,2),3),(4,5))	173	692
(((1,2),3),(4,5))	(((1,2),3),(4,5))	174	614
(((1,2),3),(4,5))	(((1,2),3),(4,5))	175	656
(((1,2),3),(4,5))	(((1,2),3),(4,5))	176	641
(((1,2),3),(4,5))	(((1,2),3),(4,5))	177	573
(((1,2),3),(4,5))	(((1,2),3),(4,5))	178	597
(((1,2),3),(4,5))	(((1,2),3),(4,5))	179	593
(((1,2),3),(4,5))	(((1,2),3),(4,5))	180	600
(((1,2),3),(4,5))	(((1,2),3),(4,5))	181	587
(((1,2),3),(4,5))	(((1,2),3),(4,5))	182	530
(((1,2),3),(4,5))	(((1,2),3),(4,5))	183	565
(((1,2),3),(4,5))	(((1,2),3),(4,5))	184	532
(((1,2),3),(4,5))	(((1,2),3),(4,5))	185	547
(((1,2),3),(4,5))	(((1,2),3),(4,5))	186	537
(((1,2),3),(4,5))	(((1,2),3),(4,5))	187	502
(((1,2),3),(4,5))	(((1,2),3),(4,5))	188	505
(((1,2),3),(4,5))	(((1,2),3),(4,5))	189	499
(((1,2),3),(4,5))	(((1,2),3),(4,5))	190	507
(((1,2),3),(4,5))	(((1,2),3),(4,5))	191	487
(((1,2),3),(4,5))	(((1,2),3),(4,5))	192	448
(((1,2),3),(4,5))	(((1,2),3),(4,5))	193	450
(((1,2),3),(4,5))	(((1,2),3),(4,5))	194	457
(((1,2),3),(4,5))	(((1,2),3),(4,5))	195	421
(((1,2),3),(4,5))	(((1,2),3),(4,5))	196	412
(((1,2),3),(4,5))	(((1,2),3),(4,5))	197	378
(((1,2),3),(4,5))	(((1,2),3),(4,5))	198	384
(((1,2),3),(4,5))	(((1,2),3),(4,5))	199	377
(((1,2),3),(4,5))	(((1,2),3),(4,5))	200	380
(((1,2),3),(4,5))	(((1,2),3),(4,5))	201	372
(((1,2),3),(4,5))	(((1,2),3),(4,5))	202	371
(((1,2),3),(4,5))	(((1,2),3),(4,5))	203	376
(((1,2),3),(4,5))	(((1,2),3),(4,5))	204	374
(((1,2),3),(4,5))	(((1,2),3),(4,5))	205	376
(((1,2),3),(4,5))	(((1,2),3),(4,5))	206	364
(((1,2),3),(4,5))	(((1,2),3),(4,5))	207	364
(((1,2),3),(4,5))	(((1,2),3),(4,5))	208	361
(((1,2),3),(4,5))	(((1,2),3),(4,5))	209	304
(((1,2),3),(4,5))	(((1,2),3),(4,5))	210	346
(((1,2),3),(4,5))	(((1,2),3),(4,5))	211	358
(((1,2),3),(4,5))	(((1,2),3),(4,5))	212	311
(((1,2),3),(4,5))	(((1,2),3),(4,5))	213	342
(((1,2),3),(4,5))	(((1,2),3),(4,5))	214	344
(((1,2),3),(4,5))	(((1,2),3),(4,5))	215	299
(((1,2),3),(4,5))	(((1,2),3),(4,5))	216	259
(((1,2),3),(4,5))	(((1,2),3),(4,5))	217	285
(((1,2),3),(4,5))	(((1,2),3),(4,5))	218	298
(((1,2),3),(4,5))	(((1,2),3),(4,5))	219	279
(((1,2),3),(4,5))	(((1,2),3),(4,5))	220	262
(((1,2),3),(4,5))	(((1,2),3),(4,5))	221	278
(((1,2),3),(4,5))	(((1,2),3),(4,5))	222	251
(((1,2),3),(4,5))	(((1,2),3),(4,5))	223	248
(((1,2),3),(4,5))	(((1,2),3),(4,5))	224	257
(((1,2),3),(4,5))	(((1,2),3),(4,5))	225	216
(((1,2),3),(4,5))	(((1,2),3),(4,5))	226	246
(((1,2),3),(4,5))	(((1,2),3),(4,5))	227	241
(((1,2),3),(4,5))	(((1,2),3),(4,5))	228	228
(((1,2),3),(4,5))	(((1,2),3),(4,5))	229	222
(((1,2),3),(4,5))	(((1,2),3),(4,5))	230	242
(((1,2),3),(4,5))	(((1,2),3),(4,5))	231	189
(((1,2),3),(4,5))	(((1,2),3),(4,5))	232	240
(((1,2),3),(4,5))	(((1,2),3),(4,5))	233	235
(((1,2),3),(4,5))	(((1,2),3),(4,5))	234	211
(((1,2),3),(4,5))	(((1,2),3),(4,5))	235	195
(((1,2),3),(4,5))	(((1,2),3),(4,5))	236	231
(((1,2),3),(4,5))	(((1,2),3),(4,5))	237	205
(((1,2),3),(4,5))	(((1,2),3),(4,5))	238	196
(((1,2),3),(4,5))	(((1,2),3),(4,5))	239	208
(((1,2),3),(4,5))	(((1,2),3),(4,5))	240	214
(((1,2),3),(4,5))	(((1,2),3),(4,5))	241	151
(((1,2),3),(4,5))	(((1,2),3),(4,5))	242	207
(((1,2),3),(4,5))	(((1,2),3),(4,5))	243	183
(((1,2),3),(4,5))	(((1,2),3),(4,5))	244	185
(((1,2),3),(4,5))	(((1,2),3),(4,5))	245	167
(((1,2),3),(4,5))	(((1,2),3),(4,5))	246	178
(((1,2),3),(4,5))	(((1,2),3),(4,5))	247	182
(((1,2),3),(4,5))	(((1,2),3),(4,5))	248	157
(((1,2),3),(4,5))	(((1,2),3),(4,5))	249	165
(((1,2),3),(4,5))	(((1,2),3),(4,5))	250	168
(((1,2),3),(4,5))	(((1,2),3),(4,5))	251	142
(((1,2),3),(4,5))	(((1,2),3),(4,5))	252	172
(((1,2),3),(4,5))	(((1,2),3),(4,5))	253	154
(((1,2),3),(4,5))	(((1,2),3),(4,5))	254	141
(((1,2),3),(4,5))	(((1,2),3),(4,5))	255	121
(((1,2),3),(4,5))	(((1,2),3),(4,5))	256	162
(((1,2),3),(4,5))	(((1,2),3),(4,5))	257	116
(((1,2),3),(4,5))	(((1,2),3),(4,5))	258	148
(((1,2),3),(4,5))	(((1,2),3),(4,5))	259	128
(((1,2),3),(4,5))	(((1,2),3),(4,5))	260	114
(((1,2),3),(4,5))	(((1,2),3),(4,5))	261	110
(((1,2),3),(4,5))	(((1,2),3),(4,5))	262	130
(((1,2),3),(4,5))	(((1,2),3),(4,5))	263	104
(((1,2),3),(4,5))	(((1,2),3),(4,5))	264	101
(((1,2),3),(4,5))	(((1,2),3),(4,5))	265	130
(((1,2),3),(4,5))	(((1,2),3),(4,5))	266	114
(((1,2),3),(4,5))	(((1,2),3),(4,5))	267	108
(((1,2),3),(4,5))	(((1,2),3),(4,5))	268	110
(((1,2),3),(4,5))	(((1,2),3),(4,5))	269	118
(((1,2),3),(4,5))	(((1,2),3),(4,5))	270	117
(((1,2),3),(4,5))	(((1,2),3),(4,5))	271	107
(((1,2),3),(4,5))	(((1,2),3),(4,5))	272	111
(((1,2),3),(4,5))	(((1,2),3),(4,5))	273	101
(((1,2),3),(4,5))	(((1,2),3),(4,5))	274	107
(((1,2),3),(4,5))	(((1,2),3),(4,5))	275	92
(((1,2),3),(4,5))	(((1,2),3),(4,5))	276	117
(((1,2),3),(4,5))	(((1,2),3),(4,5))	277	113
(((1,2),3),(4,5))	(((1,2),3),(4,5))	278	99
(((1,2),3),(4,5))	(((1,2),3),(4,5))	279	100
(((1,2),3),(4,5))	(((1,2),3),(4,5))	280	87
(((1,2),3),(4,5))	(((1,2),3),(4,5))	281	90
(((1,2),3),(4,5))	(((1,2),3),(4,5))	282	77
(((1,2),3),(4,5))	(((1,2),3),(4,5))	283	90
(((1,2),3),(4,5))	(((1,2),3),(4,5))	284	88
(((1,2),3),(4,5))	(((1,2),3),(4,5))	285	76
(((1,2),3),(4,5))	(((1,2),3),(4,5))	286	81
(((1,2),3),(4,5))	(((1,2),3),(4,5))	287	84
(((1,2),3),(4,5))	(((1,2),3),(4,5))	288	61
(((1,2),3),(4,5))	(((1,2),3),(4,5))	289	74
(((1,2),3),(4,5))	(((1,2),3),(4,5))	290	77
(((1,2),3),(4,5))	(((1,2),3),(4,5))	291	80
(((1,2),3),(4,5))	(((1,2),3),(4,5))	292	55
(((1,2),3),(4,5))	(((1,2),3),(4,5))	293	93
(((1,2),3),(4,5))	(((1,2),3),(4,5))	294	51
(((1,2),3),(4,5))	(((1,2),3),(4,5))	295	50
(((1,2),3),(4,5))	(((1,2),3),(4,5))	296	77
(((1,2),3),(4,5))	(((1,2),3),(4,5))	297	78
(((1,2),3),(4,5))	(((1,2),3),(4,5))	298	72
(((1,2),3),(4,5))	(((1,2),3),(4,5))	299	62
(((1,2),3),(4,5))	(((1,2),3),(4,5))	300	52
(((1,2),3),(4,5))	(((1,2),3),(4,5))	301	64
(((1,2),3),(4,5))	(((1,2),3),(4,5))	302	59
(((1,2),3),(4,5))	(((1,2),3),(4,5))	303	61
(((1,2),3),(4,5))	(((1,2),3),(4,5))	304	72
(((1,2),3),(4,5))	(((1,2),3),(4,5))	305	54
(((1,2),3),(4,5))	(((1,2),3),(4,5))	306	49
(((1,2),3),(4,5))	(((1,2),3),(4,5))	307	52
(((1,2),3),(4,5))	(((1,2),3),(4,5))	308	69
(((1,2),3),(4,5))	(((1,2),3),(4,5))	309	48
(((1,2),3),(4,5))	(((1,2),3),(4,5))	310	46
(((1,2),3),(4,5))	(((1,2),3),(4,5))	311	51
(((1,2),3),(4,5))	(((1,2),3),(4,5))	312	49
(((1,2),3),(4,5))	(((1,2),3),(4,5))	313	48
(((1,2),3),(4,5))	(((1,2),3),(4,5))	314	61
(((1,2),3),(4,5))	(((1,2),3),(4,5))	315	51
(((1,2),3),(4,5))	(((1,2),3),(4,5))	316	43
(((1,2),3),(4,5))	(((1,2),3),(4,5))	317	37
(((1,2),3),(4,5))	(((1,2),3),(4,5))	318	43
(((1,2),3),(4,5))	(((1,2),3),(4,5))	319	54
(((1,2),3),(4,5))	(((1,2),3),(4,5))	320	46
(((1,2),3),(4,5))	(((1,2),3),(4,5))	321	48
(((1,2),3),(4,5))	(((1,2),3),(4,5))	322	44
(((1,2),3),(4,5))	(((1,2),3),(4,5))	323	42
(((1,2),3),(4,5))	(((1,2),3),(4,5))	324	50
(((1,2),3),(4,5))	(((1,2),3),(4,5))	325	29
(((1,2),3),(4,5))	(((1,2),3),(4,5))	326	24
(((1,2),3),(4,5))	(((1,2),3),(4,5))	327	26
(((1,2),3),(4,5))	(((1,2),3),(4,5))	328	24
(((1,2),3),(4,5))	(((1,2),3),(4,5))	329	32
(((1,2),3),(4,5))	(((1,2),3),(4,5))	330	34
(((1,2),3),(4,5))	(((1,2),3),(4,5))	331	36
(((1,2),3),(4,5))	(((1,2),3),(4,5))	332	38
(((1,2),3),(4,5))	(((1,2),3),(4,5))	333	27
(((1,2),3),(4,5))	(((1,2),3),(4,5))	334	36
(((1,2),3),(4,5))	(((1,2),3),(4,5))	335	40
(((1,2),3),(4,5))	(((1,2),3),(4,5))	336	30
(((1,2),3),(4,5))	(((1,2),3),(4,5))	337	45
(((1,2),3),(4,5))	(((1,2),3),(4,5))	338	25
(((1,2),3),(4,5))	(((1,2),3),(4,5))	339	30
(((1,2),3),(4,5))	(((1,2),3),(4,5))	340	29
(((1,2),3),(4,5))	(((1,2),3),(4,5))	341	23
(((1,2),3),(4,5))	(((1,2),3),(4,5))	342	32
(((1,2),3),(4,5))	(((1,2),3),(4,5))	343	23
(((1,2),3),(4,5))	(((1,2),3),(4,5))	344	20
(((1,2),3),(4,5))	(((1,2),3),(4,5))	345	25
(((1,2),3),(4,5))	(((1,2),3),(4,5))	346	24
(((1,2),3),(4,5))	(((1,2),3),(4,5))	347	29
(((1,2),3),(4,5))	(((1,2),3),(4,5))	348	22
(((1,2),3),(4,5))	(((1,2),3),(4,5))	349	35
(((1,2),3),(4,5))	(((1,2),3),(4,5))	350	20
(((1,2),3),(4,5))	(((1,2),3),(4,5))	351	21
(((1,2),3),(4,5))	(((1,2),3),(4,5))	352	30
(((1,2),3),(4,5))	(((1,2),3),(4,5))	353	21
(((1,2),3),(4,5))	(((1,2),3),(4,5))	354	27
(((1,2),3),(4,5))	(((1,2),3),(4,5))	355	28
(((1,2),3),(4,5))	(((1,2),3),(4,5))	356	20
(((1,2),3),(4,5))	(((1,2),3),(4,5))	357	16
(((1,2),3),(4,5))	(((1,2),3),(4,5))	358	20
(((1,2),3),(4,5))	(((1,2),3),(4,5))	359	17
(((1,2),3),(4,5))	(((1,2),3),(4,5))	360	17
(((1,2),3),(4,5))	(((1,2),3),(4,5))	361	17
(((1,2),3),(4,5))	(((1,2),3),(4,5))	362	15
(((1,2),3),(4,5))	(((1,2),3),(4,5))	363	16
(((1,2),3),(4,5))	(((1,2),3),(4,5))	364	19
(((1,2),3),(4,5))	(((1,2),3),(4,5))	365	12
(((1,2),3),(4,5))	(((1,2),3),(4,5))	366	16
(((1,2),3),(4,5))	(((1,2),3),(4,5))	367	8
(((1,2),3),(4,5))	(((1,2),3),(4,5))	368	11
(((1,2),3),(4,5))	(((1,2),3),(4,5))	369	15
(((1,2),3),(4,5))	(((1,2),3),(4,5))	370	13
(((1,2),3),(4,5))	(((1,2),3),(4,5))	371	16
(((1,2),3),(4,5))	(((1,2),3),(4,5))	372	15
(((1,2),3),(4,5))	(((1,2),3),(4,5))	373	15
(((1,2),3),(4,5))	(((1,2),3),(4,5))	374	19
(((1,2),3),(4,5))	(((1,2),3),(4,5))	375	9
(((1,2),3),(4,5))	(((1,2),3),(4,5))	376	10
(((1,2),3),(4,5))	(((1,2),3),(4,5))	377	22
(((1,2),3),(4,5))	(((1,2),3),(4,5))	378	21
(((1,2),3),(4,5))	(((1,2),3),(4,5))	379	14
(((1,2),3),(4,5))	(((1,2),3),(4,5))	380	13
(((1,2),3),(4,5))	(((1,2),3),(4,5))	381	12
(((1,2),3),(4,5))	(((1,2),3),(4,5))	382	13
(((1,2),3),(4,5))	(((1,2),3),(4,5))	383	13
(((1,2),3),(4,5))	(((1,2),3),(4,5))	384	11
(((1,2),3),(4,5))	(((1,2),3),(4,5))	385	14
(((1,2),3),(4,5))	(((1,2),3),(4,5))	386	7
(((1,2),3),(4,5))	(((1,2),3),(4,5))	387	11
(((1,2),3),(4,5))	(((1,2),3),(4,5))	388	10
(((1,2),3),(4,5))	(((1,2),3),(4,5))	389	11
(((1,2),3),(4,5))	(((1,2),3),(4,5))	390	12
(((1,2),3),(4,5))	(((1,2),3),(4,5))	391	8
(((1,2),3),(4,5))	(((1,2),3),(4,5))	392	9
(((1,2),3),(4,5))	(((1,2),3),(4,5))	393	16
(((1,2),3),(4,5))	(((1,2),3),(4,5))	394	8
(((1,2),3),(4,5))	(((1,2),3),(4,5))	395	5
(((1,2),3),(4,5))	(((1,2),3),(4,5))	396	5
(((1,2),3),(4,5))	(((1,2),3),(4,5))	397	12
(((1,2),3),(4,5))	(((1,2),3),(4,5))	398	8
(((1,2),3),(4,5))	(((1,2),3),(4,5))	399	12
(((1,2),3),(4,5))	(((1,2),3),(4,5))	400	14
(((1,2),3),(4,5))	(((1,2),3),(4,5))	401	9
(((1,2),3),(4,5))	(((1,2),3),(4,5))	402	7
(((1,2),3),(4,5))	(((1,2),3),(4,5))	403	16
(((1,2),3),(4,5))	(((1,2),3),(4,5))	404	15
(((1,2),3),(4,5))	(((1,2),3),(4,5))	405	7
(((1,2),3),(4,5))	(((1,2),3),(4,5))	406	7
(((1,2),3),(4,5))	(((1,2),3),(4,5))	407	7
(((1,2),3),(4,5))	(((1,2),3),(4,5))	408	11
(((1,2),3),(4,5))	(((1,2),3),(4,5))	409	10
(((1,2),3),(4,5))	(((1,2),3),(4,5))	410	10
(((1,2),3),(4,5))	(((1,2),3),(4,5))	411	5
(((1,2),3),(4,5))	(((1,2),3),(4,5))	412	5
(((1,2),3),(4,5))	(((1,2),3),(4,5))	413	10
(((1,2),3),(4,5))	(((1,2),3),(4,5))	414	8
(((1,2),3),(4,5))	(((1,2),3),(4,5))	415	3
(((1,2),3),(4,5))	(((1,2),3),(4,5))	416	8
(((1,2),3),(4,5))	(((1,2),3),(4,5))	417	7
(((1,2),3),(4,5))	(((1,2),3),(4,5))	418	3
(((1,2),3),(4,5))	(((1,2),3),(4,5))	419	13
(((1,2),3),(4,5))	(((1,2),3),(4,5))	420	5
(((1,2),3),(4,5))	(((1,2),3),(4,5))	421	4
(((1,2),3),(4,5))	(((1,2),3),(4,5))	422	4
(((1,2),3),(4,5))	(((1,2),3),(4,5))	423	7
(((1,2),3),(4,5))	(((1,2),3),(4,5))	424	5
(((1,2),3),(4,5))	(((1,2),3),(4,5))	425	3
(((1,2),3),(4,5))	(((1,2),3),(4,5))	426	7
(((1,2),3),(4,5))	(((1,2),3),(4,5))	427	5
(((1,2),3),(4,5))	(((1,2),3),(4,5))	428	6
(((1,2),3),(4,5))	(((1,2),3),(4,5))	430	2
(((1,2),3),(4,5))	(((1,2),3),(4,5))	431	4
(((1,2),3),(4,5))	(((1,2),3),(4,5))	432	6
(((1,2),3),(4,5))	(((1,2),3),(4,5))	433	5
(((1,2),3),(4,5))	(((1,2),3),(4,5))	434	7
(((1,2),3),(4,5))	(((1,2),3),(4,5))	435	5
(((1,2),3),(4,5))	(((1,2),3),(4,5))	436	7
(((1,2),3),(4,5))	(((1,2),3),(4,5))	437	5
(((1,2),3),(4,5))	(((1,2),3),(4,5))	438	7
(((1,2),3),(4,5))	(((1,2),3),(4,5))	439	2
(((1,2),3),(4,5))	(((1,2),3),(4,5))	440	3
(((1,2),3),(4,5))	(((1,2),3),(4,5))	441	6
(((1,2),3),(4,5))	(((1,2),3),(4,5))	442	2
(((1,2),3),(4,5))	(((1,2),3),(4,5))	443	9
(((1,2),3),(4,5))	(((1,2),3),(4,5))	444	5
(((1,2),3),(4,5))	(((1,2),3),(4,5))	445	2
(((1,2),3),(4,5))	(((1,2),3),(4,5))	446	1
(((1,2),3),(4,5))	(((1,2),3),(4,5))	447	6
(((1,2),3),(4,5))	(((1,2),3),(4,5))	448	3
(((1,2),3),(4,5))	(((1,2),3),(4,5))	449	4
(((1,2),3),(4,5))	(((1,2),3),(4,5))	450	2
(((1,2),3),(4,5))	(((1,2),3),(4,5))	451	9
(((1,2),3),(4,5))	(((1,2),3),(4,5))	452	5
(((1,2),3),(4,5))	(((1,2),3),(4,5))	453	3
(((1,2),3),(4,5))	(((1,2),3),(4,5))	454	2
(((1,2),3),(4,5))	(((1,2),3),(4,5))	455	4
(((1,2),3),(4,5))	(((1,2),3),(4,5))	456	4
(((1,2),3),(4,5))	(((1,2),3),(4,5))	457	1
(((1,2),3),(4,5))	(((1,2),3),(4,5))	458	3
(((1,2),3),(4,5))	(((1,2),3),(4,5))	459	2
(((1,2),3),(4,5))	(((1,2),3),(4,5))	460	5
(((1,2),3),(4,5))	(((1,2),3),(4,5))	461	2
(((1,2),3),(4,5))	(((1,2),3),(4,5))	462	2
(((1,2),3),(4,5))	(((1,2),3),(4,5))	463	2
(((1,2),3),(4,5))	(((1,2),3),(4,5))	464	3
(((1,2),3),(4,5))	(((1,2),3),(4,5))	465	1
(((1,2),3),(4,5))	(((1,2),3),(4,5))	466	3
(((1,2),3),(4,5))	(((1,2),3),(4,5))	467	2
(((1,2),3),(4,5))	(((1,2),3),(4,5))	468	1
(((1,2),3),(4,5))	(((1,2),3),(4,5))	469	2
(((1,2),3),(4,5))	(((1,2),3),(4,5))	470	5
(((1,2),3),(4,5))	(((1,2),3),(4,5))	471	1
(((1,2),3),(4,5))	(((1,2),3),(4,5))	474	3
(((1,2),3),(4,5))	(((1,2),3),(4,5))	475	4
(((1,2),3),(4,5))	(((1,2),3),(4,5))	477	3
(((1,2),3),(4,5))	(((1,2),3),(4,5))	478	1
(((1,2),3),(4,5))	(((1,2),3),(4,5))	479	4
(((1,2),3),(4,5))	(((1,2),3),(4,5))	480	2
(((1,2),3),(4,5))	(((1,2),3),(4,5))	481	3
(((1,2),3),(4,5))	(((1,2),3),(4,5))	482	2
(((1,2),3),(4,5))	(((1,2),3),(4,5))	483	3
(((1,2),3),(4,5))	(((1,2),3),(4,5))	484	1
(((1,2),3),(4,5))	(((1,2),3),(4,5))	485	1
(((1,2),3),(4,5))	(((1,2),3),(4,5))	486	3
(((1,2),3),(4,5))	(((1,2),3),(4,5))	487	1
(((1,2),3),(4,5))	(((1,2),3),(4,5))	488	4
(((1,2),3),(4,5))	(((1,2),3),(4,5))	489	2
(((1,2),3),(4,5))	(((1,2),3),(4,5))	490	4
(((1,2),3),(4,5))	(((1,2),3),(4,5))	491	5
(((1,2),3),(4,5))	(((1,2),3),(4,5))	492	3
(((1,2),3),(4,5))	(((1,2),3),(4,5))	493	7
(((1,2),3),(4,5))	(((1,2),3),(4,5))	494	4
(((1,2),3),(4,5))	(((1,2),3),(4,5))	495	1
(((1,2),3),(4,5))	(((1,2),3),(4,5))	496	1
(((1,2),3),(4,5))	(((1,2),3),(4,5))	497	4
(((1,2),3),(4,5))	(((1,2),3),(4,5))	498	1
(((1,2),3),(4,5))	(((1,2),3),(4,5))	499	2
(((1,2),3),(4,5))	(((1,2),3),(4,5))	500	6
(((1,2),3),(4,5))	(((1,2),3),(4,5))	501	1
(((1,2),3),(4,5))	(((1,2),3),(4,5))	502	2
(((1,2),3),(4,5))	(((1,2),3),(4,5))	503	2
(((1,2),3),(4,5))	(((1,2),3),(4,5))	504	2
(((1,2),3),(4,5))	(((1,2),3),(4,5))	505	1
(((1,2),3),(4,5))	(((1,2),3),(4,5))	506	1
(((1,2),3),(4,5))	(((1,2),3),(4,5))	508	1
(((1,2),3),(4,5))	(((1,2),3),(4,5))	509	1
(((1,2),3),(4,5))	(((1,2),3),(4,5))	510	1
(((1,2),3),(4,5))	(((1,2),3),(4,5))	511	1
(((1,2),3),(4,5))	(((1,2),3),(4,5))	514	1
(((1,2),3),(4,5))	(((1,2),3),(4,5))	515	2
(((1,2),3),(4,5))	(((1,2),3),(4,5))	521	1
(((1,2),3),(4,5))	(((1,2),3),(4,5))	522	1
(((1,2),3),(4,5))	(((1,2),3),(4,5))	526	1
(((1,2),3),(4,5))	(((1,2),3),(4,5))	527	1
(((1,2),3),(4,5))	(((1,2),3),(4,5))	528	2
(((1,2),3),(4,5))	(((1,2),3),(4,5))	529	2
(((1,2),3),(4,5))	(((1,2),3),(4,5))	530	1
(((1,2),3),(4,5))	(((1,2),3),(4,5))	532	1
(((1,2),3),(4,5))	(((1,2),3),(4,5))	534	2
(((1,2),3),(4,5))	(((1,2),3),(4,5))	537	1
(((1,2),3),(4,5))	(((1,2),3),(4,5))	539	1
(((1,2),3),(4,5))	(((1,2),3),(4,5))	540	1
(((1,2),3),(4,5))	(((1,2),3),(4,5))	542	1
(((1,2),3),(4,5))	(((1,2),3),(4,5))	547	2
(((1,2),3),(4,5))	(((1,2),3),(4,5))	548	1
(((1,2),3),(4,5))	(((1,2),3),(4,5))	551	1
(((1,2),3),(4,5))	(((1,2),3),(4,5))	553	1
(((1,2),3),(4,5))	(((1,2),3),(4,5))	575	1
(((1,2),3),(4,5))	(((1,2),3),(4,5))	577	1
(((1,2),3),(4,5))	(((1,2),3),(4,5))	591	2
(((1,2),3),(4,5))	(((1,2),3),(4,5))	592	1
(((1,2),3),(4,5))	(((1,2),3),(4,5))	594	1
(((1,2),3),(4,5))	(((1,2),3),(4,5))	596	1
(((1,2),3),(4,5))	(((1,2),3),(4,5))	603	1
(((1,2),3),(4,5))	(((1,2),3),(4,5))	607	1
(((1,2),3),(4,5))	(((1,2),3),(4,5))	631	3
(((1,2),3),(4,5))	(((1,2),3),(4,5))	637	1
(((1,2),3),(4,5))	(((1,2),3),(4,5))	654	1
(((1,2),3),(4,5))	(((1,2),3),(4,5))	701	1
(((1,2),3),(4,5))	(((1,2),3),(4,5))	705	1
(((1,2),3),(4,5))	(((1,2),3),(4,5))	727	1
(((1,2),3),(4,5))	((1,(4,5)),(2,3))	1	35023
(((1,2),3),(4,5))	((1,(4,5)),(2,3))	2	28286
(((1,2),3),(4,5))	((1,(4,5)),(2,3))	3	24892
(((1,2),3),(4,5))	((1,(4,5)),(2,3))	4	22380
(((1,2),3),(4,5))	((1,(4,5)),(2,3))	5	21197
(((1,2),3),(4,5))	((1,(4,5)),(2,3))	6	19836
(((1,2),3),(4,5))	((1,(4,5)),(2,3))	7	19206
(((1,2),3),(4,5))	((1,(4,5)),(2,3))	8	18072
(((1,2),3),(4,5))	((1,(4,5)),(2,3))	9	17744
(((1,2),3),(4,5))	((1,(4,5)),(2,3))	10	17169
(((1,2),3),(4,5))	((1,(4,5)),(2,3))	11	16545
(((1,2),3),(4,5))	((1,(4,5)),(2,3))	12	16039
(((1,2),3),(4,5))	((1,(4,5)),(2,3))	13	15634
(((1,2),3),(4,5))	((1,(4,5)),(2,3))	14	15276
(((1,2),3),(4,5))	((1,(4,5)),(2,3))	15	14526
(((1,2),3),(4,5))	((1,(4,5)),(2,3))	16	14495
(((1,2),3),(4,5))	((1,(4,5)),(2,3))	17	14052
(((1,2),3),(4,5))	((1,(4,5)),(2,3))	18	13506
(((1,2),3),(4,5))	((1,(4,5)),(2,3))	19	13548
(((1,2),3),(4,5))	((1,(4,5)),(2,3))	20	13051
(((1,2),3),(4,5))	((1,(4,5)),(2,3))	21	12611
(((1,2),3),(4,5))	((1,(4,5)),(2,3))	22	12331
(((1,2),3),(4,5))	((1,(4,5)),(2,3))	23	12064
(((1,2),3),(4,5))	((1,(4,5)),(2,3))	24	11776
(((1,2),3),(4,5))	((1,(4,5)),(2,3))	25	11351
(((1,2),3),(4,5))	((1,(4,5)),(2,3))	26	11158
(((1,2),3),(4,5))	((1,(4,5)),(2,3))	27	10925
(((1,2),3),(4,5))	((1,(4,5)),(2,3))	28	10741
(((1,2),3),(4,5))	((1,(4,5)),(2,3))	29	10682
(((1,2),3),(4,5))	((1,(4,5)),(2,3))	30	10339
(((1,2),3),(4,5))	((1,(4,5)),(2,3))	31	9767
(((1,2),3),(4,5))	((1,(4,5)),(2,3))	32	9546
(((1,2),3),(4,5))	((1,(4,5)),(2,3))	33	9432
(((1,2),3),(4,5))	((1,(4,5)),(2,3))	34	9316
(((1,2),3),(4,5))	((1,(4,5)),(2,3))	35	8971
(((1,2),3),(4,5))	((1,(4,5)),(2,3))	36	8851
(((1,2),3),(4,5))	((1,(4,5)),(2,3))	37	8627
(((1,2),3),(4,5))	((1,(4,5)),(2,3))	38	8326
(((1,2),3),(4,5))	((1,(4,5)),(2,3))	39	8351
(((1,2),3),(4,5))	((1,(4,5)),(2,3))	40	8084
(((1,2),3),(4,5))	((1,(4,5)),(2,3))	41	7853
(((1,2),3),(4,5))	((1,(4,5)),(2,3))	42	7759
(((1,2),3),(4,5))	((1,(4,5)),(2,3))	43	7498
(((1,2),3),(4,5))	((1,(4,5)),(2,3))	44	7504
(((1,2),3),(4,5))	((1,(4,5)),(2,3))	45	7272
(((1,2),3),(4,5))	((1,(4,5)),(2,3))	46	7058
(((1,2),3),(4,5))	((1,(4,5)),(2,3))	47	7053
(((1,2),3),(4,5))	((1,(4,5)),(2,3))	48	6957
(((1,2),3),(4,5))	((1,(4,5)),(2,3))	49	6722
(((1,2),3),(4,5))	((1,(4,5)),(2,3))	50	6669
(((1,2),3),(4,5))	((1,(4,5)),(2,3))	51	6309
(((1,2),3),(4,5))	((1,(4,5)),(2,3))	52	6386
(((1,2),3),(4,5))	((1,(4,5)),(2,3))	53	6131
(((1,2),3),(4,5))	((1,(4,5)),(2,3))	54	6014
(((1,2),3),(4,5))	((1,(4,5)),(2,3))	55	5852
(((1,2),3),(4,5))	((1,(4,5)),(2,3))	56	5811
(((1,2),3),(4,5))	((1,(4,5)),(2,3))	57	5701
(((1,2),3),(4,5))	((1,(4,5)),(2,3))	58	5615
(((1,2),3),(4,5))	((1,(4,5)),(2,3))	59	5381
(((1,2),3),(4,5))	((1,(4,5)),(2,3))	60	5315
(((1,2),3),(4,5))	((1,(4,5)),(2,3))	61	5431
(((1,2),3),(4,5))	((1,(4,5)),(2,3))	62	5155
(((1,2),3),(4,5))	((1,(4,5)),(2,3))	63	5071
(((1,2),3),(4,5))	((1,(4,5)),(2,3))	64	4840
(((1,2),3),(4,5))	((1,(4,5)),(2,3))	65	4733
(((1,2),3),(4,5))	((1,(4,5)),(2,3))	66	4696
(((1,2),3),(4,5))	((1,(4,5)),(2,3))	67	4618
(((1,2),3),(4,5))	((1,(4,5)),(2,3))	68	4503
(((1,2),3),(4,5))	((1,(4,5)),(2,3))	69	4352
(((1,2),3),(4,5))	((1,(4,5)),(2,3))	70	4383
(((1,2),3),(4,5))	((1,(4,5)),(2,3))	71	4353
(((1,2),3),(4,5))	((1,(4,5)),(2,3))	72	4243
(((1,2),3),(4,5))	((1,(4,5)),(2,3))	73	4112
(((1,2),3),(4,5))	((1,(4,5)),(2,3))	74	4021
(((1,2),3),(4,5))	((1,(4,5)),(2,3))	75	3906
(((1,2),3),(4,5))	((1,(4,5)),(2,3))	76	3929
(((1,2),3),(4,5))	((1,(4,5)),(2,3))	77	3721
(((1,2),3),(4,5))	((1,(4,5)),(2,3))	78	3652
(((1,2),3),(4,5))	((1,(4,5)),(2,3))	79	3584
(((1,2),3),(4,5))	((1,(4,5)),(2,3))	80	3533
(((1,2),3),(4,5))	((1,(4,5)),(2,3))	81	3434
(((1,2),3),(4,5))	((1,(4,5)),(2,3))	82	3486
(((1,2),3),(4,5))	((1,(4,5)),(2,3))	83	3371
(((1,2),3),(4,5))	((1,(4,5)),(2,3))	84	3254
(((1,2),3),(4,5))	((1,(4,5)),(2,3))	85	3290
(((1,2),3),(4,5))	((1,(4,5)),(2,3))	86	3100
(((1,2),3),(4,5))	((1,(4,5)),(2,3))	87	3129
(((1,2),3),(4,5))	((1,(4,5)),(2,3))	88	3105
(((1,2),3),(4,5))	((1,(4,5)),(2,3))	89	3015
(((1,2),3),(4,5))	((1,(4,5)),(2,3))	90	2961
(((1,2),3),(4,5))	((1,(4,5)),(2,3))	91	2916
(((1,2),3),(4,5))	((1,(4,5)),(2,3))	92	2728
(((1,2),3),(4,5))	((1,(4,5)),(2,3))	93	2752
(((1,2),3),(4,5))	((1,(4,5)),(2,3))	94	2823
(((1,2),3),(4,5))	((1,(4,5)),(2,3))	95	2759
(((1,2),3),(4,5))	((1,(4,5)),(2,3))	96	2547
(((1,2),3),(4,5))	((1,(4,5)),(2,3))	97	2570
(((1,2),3),(4,5))	((1,(4,5)),(2,3))	98	2508
(((1,2),3),(4,5))	((1,(4,5)),(2,3))	99	2440
(((1,2),3),(4,5))	((1,(4,5)),(2,3))	100	2346
(((1,2),3),(4,5))	((1,(4,5)),(2,3))	101	2349
(((1,2),3),(4,5))	((1,(4,5)),(2,3))	102	2328
(((1,2),3),(4,5))	((1,(4,5)),(2,3))	103	2298
(((1,2),3),(4,5))	((1,(4,5)),(2,3))	104	2280
(((1,2),3),(4,5))	((1,(4,5)),(2,3))	105	2304
(((1,2),3),(4,5))	((1,(4,5)),(2,3))	106	2021
(((1,2),3),(4,5))	((1,(4,5)),(2,3))	107	2137
(((1,2),3),(4,5))	((1,(4,5)),(2,3))	108	2079
(((1,2),3),(4,5))	((1,(4,5)),(2,3))	109	2110
(((1,2),3),(4,5))	((1,(4,5)),(2,3))	110	2000
(((1,2),3),(4,5))	((1,(4,5)),(2,3))	111	1951
(((1,2),3),(4,5))	((1,(4,5)),(2,3))	112	1882
(((1,2),3),(4,5))	((1,(4,5)),(2,3))	113	1958
(((1,2),3),(4,5))	((1,(4,5)),(2,3))	114	1903
(((1,2),3),(4,5))	((1,(4,5)),(2,3))	115	1704
(((1,2),3),(4,5))	((1,(4,5)),(2,3))	116	1811
(((1,2),3),(4,5))	((1,(4,5)),(2,3))	117	1702
(((1,2),3),(4,5))	((1,(4,5)),(2,3))	118	1793
(((1,2),3),(4,5))	((1,(4,5)),(2,3))	119	1707
(((1,2),3),(4,5))	((1,(4,5)),(2,3))	120	1627
(((1,2),3),(4,5))	((1,(4,5)),(2,3))	121	1649
(((1,2),3),(4,5))	((1,(4,5)),(2,3))	122	1572
(((1,2),3),(4,5))	((1,(4,5)),(2,3))	123	1560
(((1,2),3),(4,5))	((1,(4,5)),(2,3))	124	1579
(((1,2),3),(4,5))	((1,(4,5)),(2,3))	125	1498
(((1,2),3),(4,5))	((1,(4,5)),(2,3))	126	1533
(((1,2),3),(4,5))	((1,(4,5)),(2,3))	127	1444
(((1,2),3),(4,5))	((1,(4,5)),(2,3))	128	1395
(((1,2),3),(4,5))	((1,(4,5)),(2,3))	129	1364
(((1,2),3),(4,5))	((1,(4,5)),(2,3))	130	1356
(((1,2),3),(4,5))	((1,(4,5)),(2,3))	131	1355
(((1,2),3),(4,5))	((1,(4,5)),(2,3))	132	1337
(((1,2),3),(4,5))	((1,(4,5)),(2,3))	133	1243
(((1,2),3),(4,5))	((1,(4,5)),(2,3))	134	1275
(((1,2),3),(4,5))	((1,(4,5)),(2,3))	135	1220
(((1,2),3),(4,5))	((1,(4,5)),(2,3))	136	1275
(((1,2),3),(4,5))	((1,(4,5)),(2,3))	137	1209
(((1,2),3),(4,5))	((1,(4,5)),(2,3))	138	1130
(((1,2),3),(4,5))	((1,(4,5)),(2,3))	139	1143
(((1,2),3),(4,5))	((1,(4,5)),(2,3))	140	1079
(((1,2),3),(4,5))	((1,(4,5)),(2,3))	141	1109
(((1,2),3),(4,5))	((1,(4,5)),(2,3))	142	1098
(((1,2),3),(4,5))	((1,(4,5)),(2,3))	143	1096
(((1,2),3),(4,5))	((1,(4,5)),(2,3))	144	1065
(((1,2),3),(4,5))	((1,(4,5)),(2,3))	145	1064
(((1,2),3),(4,5))	((1,(4,5)),(2,3))	146	1014
(((1,2),3),(4,5))	((1,(4,5)),(2,3))	147	970
(((1,2),3),(4,5))	((1,(4,5)),(2,3))	148	962
(((1,2),3),(4,5))	((1,(4,5)),(2,3))	149	927
(((1,2),3),(4,5))	((1,(4,5)),(2,3))	150	997
(((1,2),3),(4,5))	((1,(4,5)),(2,3))	151	942
(((1,2),3),(4,5))	((1,(4,5)),(2,3))	152	934
(((1,2),3),(4,5))	((1,(4,5)),(2,3))	153	871
(((1,2),3),(4,5))	((1,(4,5)),(2,3))	154	906
(((1,2),3),(4,5))	((1,(4,5)),(2,3))	155	829
(((1,2),3),(4,5))	((1,(4,5)),(2,3))	156	882
(((1,2),3),(4,5))	((1,(4,5)),(2,3))	157	843
(((1,2),3),(4,5))	((1,(4,5)),(2,3))	158	797
(((1,2),3),(4,5))	((1,(4,5)),(2,3))	159	815
(((1,2),3),(4,5))	((1,(4,5)),(2,3))	160	736
(((1,2),3),(4,5))	((1,(4,5)),(2,3))	161	780
(((1,2),3),(4,5))	((1,(4,5)),(2,3))	162	732
(((1,2),3),(4,5))	((1,(4,5)),(2,3))	163	761
(((1,2),3),(4,5))	((1,(4,5)),(2,3))	164	689
(((1,2),3),(4,5))	((1,(4,5)),(2,3))	165	720
(((1,2),3),(4,5))	((1,(4,5)),(2,3))	166	667
(((1,2),3),(4,5))	((1,(4,5)),(2,3))	167	720
(((1,2),3),(4,5))	((1,(4,5)),(2,3))	168	700
(((1,2),3),(4,5))	((1,(4,5)),(2,3))	169	689
(((1,2),3),(4,5))	((1,(4,5)),(2,3))	170	636
(((1,2),3),(4,5))	((1,(4,5)),(2,3))	171	629
(((1,2),3),(4,5))	((1,(4,5)),(2,3))	172	622
(((1,2),3),(4,5))	((1,(4,5)),(2,3))	173	605
(((1,2),3),(4,5))	((1,(4,5)),(2,3))	174	610
(((1,2),3),(4,5))	((1,(4,5)),(2,3))	175	593
(((1,2),3),(4,5))	((1,(4,5)),(2,3))	176	550
(((1,2),3),(4,5))	((1,(4,5)),(2,3))	177	589
(((1,2),3),(4,5))	((1,(4,5)),(2,3))	178	551
(((1,2),3),(4,5))	((1,(4,5)),(2,3))	179	573
(((1,2),3),(4,5))	((1,(4,5)),(2,3))	180	487
(((1,2),3),(4,5))	((1,(4,5)),(2,3))	181	482
(((1,2),3),(4,5))	((1,(4,5)),(2,3))	182	508
(((1,2),3),(4,5))	((1,(4,5)),(2,3))	183	514
(((1,2),3),(4,5))	((1,(4,5)),(2,3))	184	521
(((1,2),3),(4,5))	((1,(4,5)),(2,3))	185	480
(((1,2),3),(4,5))	((1,(4,5)),(2,3))	186	439
(((1,2),3),(4,5))	((1,(4,5)),(2,3))	187	460
(((1,2),3),(4,5))	((1,(4,5)),(2,3))	188	488
(((1,2),3),(4,5))	((1,(4,5)),(2,3))	189	457
(((1,2),3),(4,5))	((1,(4,5)),(2,3))	190	486
(((1,2),3),(4,5))	((1,(4,5)),(2,3))	191	431
(((1,2),3),(4,5))	((1,(4,5)),(2,3))	192	385
(((1,2),3),(4,5))	((1,(4,5)),(2,3))	193	444
(((1,2),3),(4,5))	((1,(4,5)),(2,3))	194	442
(((1,2),3),(4,5))	((1,(4,5)),(2,3))	195	394
(((1,2),3),(4,5))	((1,(4,5)),(2,3))	196	387
(((1,2),3),(4,5))	((1,(4,5)),(2,3))	197	378
(((1,2),3),(4,5))	((1,(4,5)),(2,3))	198	381
(((1,2),3),(4,5))	((1,(4,5)),(2,3))	199	385
(((1,2),3),(4,5))	((1,(4,5)),(2,3))	200	356
(((1,2),3),(4,5))	((1,(4,5)),(2,3))	201	307
(((1,2),3),(4,5))	((1,(4,5)),(2,3))	202	347
(((1,2),3),(4,5))	((1,(4,5)),(2,3))	203	340
(((1,2),3),(4,5))	((1,(4,5)),(2,3))	204	345
(((1,2),3),(4,5))	((1,(4,5)),(2,3))	205	338
(((1,2),3),(4,5))	((1,(4,5)),(2,3))	206	315
(((1,2),3),(4,5))	((1,(4,5)),(2,3))	207	317
(((1,2),3),(4,5))	((1,(4,5)),(2,3))	208	333
(((1,2),3),(4,5))	((1,(4,5)),(2,3))	209	315
(((1,2),3),(4,5))	((1,(4,5)),(2,3))	210	321
(((1,2),3),(4,5))	((1,(4,5)),(2,3))	211	291
(((1,2),3),(4,5))	((1,(4,5)),(2,3))	212	302
(((1,2),3),(4,5))	((1,(4,5)),(2,3))	213	296
(((1,2),3),(4,5))	((1,(4,5)),(2,3))	214	266
(((1,2),3),(4,5))	((1,(4,5)),(2,3))	215	266
(((1,2),3),(4,5))	((1,(4,5)),(2,3))	216	284
(((1,2),3),(4,5))	((1,(4,5)),(2,3))	217	254
(((1,2),3),(4,5))	((1,(4,5)),(2,3))	218	258
(((1,2),3),(4,5))	((1,(4,5)),(2,3))	219	242
(((1,2),3),(4,5))	((1,(4,5)),(2,3))	220	221
(((1,2),3),(4,5))	((1,(4,5)),(2,3))	221	260
(((1,2),3),(4,5))	((1,(4,5)),(2,3))	222	247
(((1,2),3),(4,5))	((1,(4,5)),(2,3))	223	235
(((1,2),3),(4,5))	((1,(4,5)),(2,3))	224	220
(((1,2),3),(4,5))	((1,(4,5)),(2,3))	225	253
(((1,2),3),(4,5))	((1,(4,5)),(2,3))	226	235
(((1,2),3),(4,5))	((1,(4,5)),(2,3))	227	223
(((1,2),3),(4,5))	((1,(4,5)),(2,3))	228	215
(((1,2),3),(4,5))	((1,(4,5)),(2,3))	229	206
(((1,2),3),(4,5))	((1,(4,5)),(2,3))	230	209
(((1,2),3),(4,5))	((1,(4,5)),(2,3))	231	191
(((1,2),3),(4,5))	((1,(4,5)),(2,3))	232	218
(((1,2),3),(4,5))	((1,(4,5)),(2,3))	233	211
(((1,2),3),(4,5))	((1,(4,5)),(2,3))	234	191
(((1,2),3),(4,5))	((1,(4,5)),(2,3))	235	189
(((1,2),3),(4,5))	((1,(4,5)),(2,3))	236	208
(((1,2),3),(4,5))	((1,(4,5)),(2,3))	237	161
(((1,2),3),(4,5))	((1,(4,5)),(2,3))	238	150
(((1,2),3),(4,5))	((1,(4,5)),(2,3))	239	179
(((1,2),3),(4,5))	((1,(4,5)),(2,3))	240	195
(((1,2),3),(4,5))	((1,(4,5)),(2,3))	241	151
(((1,2),3),(4,5))	((1,(4,5)),(2,3))	242	169
(((1,2),3),(4,5))	((1,(4,5)),(2,3))	243	147
(((1,2),3),(4,5))	((1,(4,5)),(2,3))	244	186
(((1,2),3),(4,5))	((1,(4,5)),(2,3))	245	134
(((1,2),3),(4,5))	((1,(4,5)),(2,3))	246	157
(((1,2),3),(4,5))	((1,(4,5)),(2,3))	247	146
(((1,2),3),(4,5))	((1,(4,5)),(2,3))	248	155
(((1,2),3),(4,5))	((1,(4,5)),(2,3))	249	147
(((1,2),3),(4,5))	((1,(4,5)),(2,3))	250	134
(((1,2),3),(4,5))	((1,(4,5)),(2,3))	251	129
(((1,2),3),(4,5))	((1,(4,5)),(2,3))	252	154
(((1,2),3),(4,5))	((1,(4,5)),(2,3))	253	110
(((1,2),3),(4,5))	((1,(4,5)),(2,3))	254	135
(((1,2),3),(4,5))	((1,(4,5)),(2,3))	255	118
(((1,2),3),(4,5))	((1,(4,5)),(2,3))	256	141
(((1,2),3),(4,5))	((1,(4,5)),(2,3))	257	120
(((1,2),3),(4,5))	((1,(4,5)),(2,3))	258	129
(((1,2),3),(4,5))	((1,(4,5)),(2,3))	259	99
(((1,2),3),(4,5))	((1,(4,5)),(2,3))	260	115
(((1,2),3),(4,5))	((1,(4,5)),(2,3))	261	134
(((1,2),3),(4,5))	((1,(4,5)),(2,3))	262	123
(((1,2),3),(4,5))	((1,(4,5)),(2,3))	263	118
(((1,2),3),(4,5))	((1,(4,5)),(2,3))	264	130
(((1,2),3),(4,5))	((1,(4,5)),(2,3))	265	106
(((1,2),3),(4,5))	((1,(4,5)),(2,3))	266	91
(((1,2),3),(4,5))	((1,(4,5)),(2,3))	267	89
(((1,2),3),(4,5))	((1,(4,5)),(2,3))	268	87
(((1,2),3),(4,5))	((1,(4,5)),(2,3))	269	103
(((1,2),3),(4,5))	((1,(4,5)),(2,3))	270	97
(((1,2),3),(4,5))	((1,(4,5)),(2,3))	271	95
(((1,2),3),(4,5))	((1,(4,5)),(2,3))	272	95
(((1,2),3),(4,5))	((1,(4,5)),(2,3))	273	85
(((1,2),3),(4,5))	((1,(4,5)),(2,3))	274	109
(((1,2),3),(4,5))	((1,(4,5)),(2,3))	275	83
(((1,2),3),(4,5))	((1,(4,5)),(2,3))	276	94
(((1,2),3),(4,5))	((1,(4,5)),(2,3))	277	59
(((1,2),3),(4,5))	((1,(4,5)),(2,3))	278	69
(((1,2),3),(4,5))	((1,(4,5)),(2,3))	279	83
(((1,2),3),(4,5))	((1,(4,5)),(2,3))	280	88
(((1,2),3),(4,5))	((1,(4,5)),(2,3))	281	61
(((1,2),3),(4,5))	((1,(4,5)),(2,3))	282	70
(((1,2),3),(4,5))	((1,(4,5)),(2,3))	283	76
(((1,2),3),(4,5))	((1,(4,5)),(2,3))	284	58
(((1,2),3),(4,5))	((1,(4,5)),(2,3))	285	58
(((1,2),3),(4,5))	((1,(4,5)),(2,3))	286	78
(((1,2),3),(4,5))	((1,(4,5)),(2,3))	287	68
(((1,2),3),(4,5))	((1,(4,5)),(2,3))	288	72
(((1,2),3),(4,5))	((1,(4,5)),(2,3))	289	48
(((1,2),3),(4,5))	((1,(4,5)),(2,3))	290	67
(((1,2),3),(4,5))	((1,(4,5)),(2,3))	291	62
(((1,2),3),(4,5))	((1,(4,5)),(2,3))	292	63
(((1,2),3),(4,5))	((1,(4,5)),(2,3))	293	77
(((1,2),3),(4,5))	((1,(4,5)),(2,3))	294	48
(((1,2),3),(4,5))	((1,(4,5)),(2,3))	295	61
(((1,2),3),(4,5))	((1,(4,5)),(2,3))	296	51
(((1,2),3),(4,5))	((1,(4,5)),(2,3))	297	73
(((1,2),3),(4,5))	((1,(4,5)),(2,3))	298	56
(((1,2),3),(4,5))	((1,(4,5)),(2,3))	299	52
(((1,2),3),(4,5))	((1,(4,5)),(2,3))	300	66
(((1,2),3),(4,5))	((1,(4,5)),(2,3))	301	48
(((1,2),3),(4,5))	((1,(4,5)),(2,3))	302	49
(((1,2),3),(4,5))	((1,(4,5)),(2,3))	303	59
(((1,2),3),(4,5))	((1,(4,5)),(2,3))	304	45
(((1,2),3),(4,5))	((1,(4,5)),(2,3))	305	63
(((1,2),3),(4,5))	((1,(4,5)),(2,3))	306	52
(((1,2),3),(4,5))	((1,(4,5)),(2,3))	307	48
(((1,2),3),(4,5))	((1,(4,5)),(2,3))	308	36
(((1,2),3),(4,5))	((1,(4,5)),(2,3))	309	52
(((1,2),3),(4,5))	((1,(4,5)),(2,3))	310	53
(((1,2),3),(4,5))	((1,(4,5)),(2,3))	311	46
(((1,2),3),(4,5))	((1,(4,5)),(2,3))	312	54
(((1,2),3),(4,5))	((1,(4,5)),(2,3))	313	45
(((1,2),3),(4,5))	((1,(4,5)),(2,3))	314	37
(((1,2),3),(4,5))	((1,(4,5)),(2,3))	315	42
(((1,2),3),(4,5))	((1,(4,5)),(2,3))	316	38
(((1,2),3),(4,5))	((1,(4,5)),(2,3))	317	40
(((1,2),3),(4,5))	((1,(4,5)),(2,3))	318	48
(((1,2),3),(4,5))	((1,(4,5)),(2,3))	319	42
(((1,2),3),(4,5))	((1,(4,5)),(2,3))	320	43
(((1,2),3),(4,5))	((1,(4,5)),(2,3))	321	36
(((1,2),3),(4,5))	((1,(4,5)),(2,3))	322	35
(((1,2),3),(4,5))	((1,(4,5)),(2,3))	323	43
(((1,2),3),(4,5))	((1,(4,5)),(2,3))	324	26
(((1,2),3),(4,5))	((1,(4,5)),(2,3))	325	43
(((1,2),3),(4,5))	((1,(4,5)),(2,3))	326	32
(((1,2),3),(4,5))	((1,(4,5)),(2,3))	327	45
(((1,2),3),(4,5))	((1,(4,5)),(2,3))	328	35
(((1,2),3),(4,5))	((1,(4,5)),(2,3))	329	27
(((1,2),3),(4,5))	((1,(4,5)),(2,3))	330	35
(((1,2),3),(4,5))	((1,(4,5)),(2,3))	331	26
(((1,2),3),(4,5))	((1,(4,5)),(2,3))	332	22
(((1,2),3),(4,5))	((1,(4,5)),(2,3))	333	22
(((1,2),3),(4,5))	((1,(4,5)),(2,3))	334	35
(((1,2),3),(4,5))	((1,(4,5)),(2,3))	335	30
(((1,2),3),(4,5))	((1,(4,5)),(2,3))	336	25
(((1,2),3),(4,5))	((1,(4,5)),(2,3))	337	35
(((1,2),3),(4,5))	((1,(4,5)),(2,3))	338	23
(((1,2),3),(4,5))	((1,(4,5)),(2,3))	339	23
(((1,2),3),(4,5))	((1,(4,5)),(2,3))	340	24
(((1,2),3),(4,5))	((1,(4,5)),(2,3))	341	20
(((1,2),3),(4,5))	((1,(4,5)),(2,3))	342	24
(((1,2),3),(4,5))	((1,(4,5)),(2,3))	343	28
(((1,2),3),(4,5))	((1,(4,5)),(2,3))	344	34
(((1,2),3),(4,5))	((1,(4,5)),(2,3))	345	19
(((1,2),3),(4,5))	((1,(4,5)),(2,3))	346	29
(((1,2),3),(4,5))	((1,(4,5)),(2,3))	347	22
(((1,2),3),(4,5))	((1,(4,5)),(2,3))	348	22
(((1,2),3),(4,5))	((1,(4,5)),(2,3))	349	22
(((1,2),3),(4,5))	((1,(4,5)),(2,3))	350	22
(((1,2),3),(4,5))	((1,(4,5)),(2,3))	351	19
(((1,2),3),(4,5))	((1,(4,5)),(2,3))	352	25
(((1,2),3),(4,5))	((1,(4,5)),(2,3))	353	19
(((1,2),3),(4,5))	((1,(4,5)),(2,3))	354	17
(((1,2),3),(4,5))	((1,(4,5)),(2,3))	355	23
(((1,2),3),(4,5))	((1,(4,5)),(2,3))	356	20
(((1,2),3),(4,5))	((1,(4,5)),(2,3))	357	20
(((1,2),3),(4,5))	((1,(4,5)),(2,3))	358	21
(((1,2),3),(4,5))	((1,(4,5)),(2,3))	359	21
(((1,2),3),(4,5))	((1,(4,5)),(2,3))	360	15
(((1,2),3),(4,5))	((1,(4,5)),(2,3))	361	11
(((1,2),3),(4,5))	((1,(4,5)),(2,3))	362	15
(((1,2),3),(4,5))	((1,(4,5)),(2,3))	363	15
(((1,2),3),(4,5))	((1,(4,5)),(2,3))	364	16
(((1,2),3),(4,5))	((1,(4,5)),(2,3))	365	20
(((1,2),3),(4,5))	((1,(4,5)),(2,3))	366	16
(((1,2),3),(4,5))	((1,(4,5)),(2,3))	367	17
(((1,2),3),(4,5))	((1,(4,5)),(2,3))	368	17
(((1,2),3),(4,5))	((1,(4,5)),(2,3))	369	20
(((1,2),3),(4,5))	((1,(4,5)),(2,3))	370	17
(((1,2),3),(4,5))	((1,(4,5)),(2,3))	371	10
(((1,2),3),(4,5))	((1,(4,5)),(2,3))	372	19
(((1,2),3),(4,5))	((1,(4,5)),(2,3))	373	10
(((1,2),3),(4,5))	((1,(4,5)),(2,3))	374	11
(((1,2),3),(4,5))	((1,(4,5)),(2,3))	375	12
(((1,2),3),(4,5))	((1,(4,5)),(2,3))	376	14
(((1,2),3),(4,5))	((1,(4,5)),(2,3))	377	7
(((1,2),3),(4,5))	((1,(4,5)),(2,3))	378	10
(((1,2),3),(4,5))	((1,(4,5)),(2,3))	379	20
(((1,2),3),(4,5))	((1,(4,5)),(2,3))	380	6
(((1,2),3),(4,5))	((1,(4,5)),(2,3))	381	12
(((1,2),3),(4,5))	((1,(4,5)),(2,3))	382	6
(((1,2),3),(4,5))	((1,(4,5)),(2,3))	383	13
(((1,2),3),(4,5))	((1,(4,5)),(2,3))	384	12
(((1,2),3),(4,5))	((1,(4,5)),(2,3))	385	13
(((1,2),3),(4,5))	((1,(4,5)),(2,3))	386	11
(((1,2),3),(4,5))	((1,(4,5)),(2,3))	387	14
(((1,2),3),(4,5))	((1,(4,5)),(2,3))	388	12
(((1,2),3),(4,5))	((1,(4,5)),(2,3))	389	10
(((1,2),3),(4,5))	((1,(4,5)),(2,3))	390	13
(((1,2),3),(4,5))	((1,(4,5)),(2,3))	391	14
(((1,2),3),(4,5))	((1,(4,5)),(2,3))	392	3
(((1,2),3),(4,5))	((1,(4,5)),(2,3))	393	9
(((1,2),3),(4,5))	((1,(4,5)),(2,3))	394	7
(((1,2),3),(4,5))	((1,(4,5)),(2,3))	395	7
(((1,2),3),(4,5))	((1,(4,5)),(2,3))	396	7
(((1,2),3),(4,5))	((1,(4,5)),(2,3))	397	7
(((1,2),3),(4,5))	((1,(4,5)),(2,3))	398	10
(((1,2),3),(4,5))	((1,(4,5)),(2,3))	399	11
(((1,2),3),(4,5))	((1,(4,5)),(2,3))	400	8
(((1,2),3),(4,5))	((1,(4,5)),(2,3))	401	4
(((1,2),3),(4,5))	((1,(4,5)),(2,3))	402	7
(((1,2),3),(4,5))	((1,(4,5)),(2,3))	403	9
(((1,2),3),(4,5))	((1,(4,5)),(2,3))	404	5
(((1,2),3),(4,5))	((1,(4,5)),(2,3))	405	4
(((1,2),3),(4,5))	((1,(4,5)),(2,3))	406	7
(((1,2),3),(4,5))	((1,(4,5)),(2,3))	407	6
(((1,2),3),(4,5))	((1,(4,5)),(2,3))	408	3
(((1,2),3),(4,5))	((1,(4,5)),(2,3))	409	4
(((1,2),3),(4,5))	((1,(4,5)),(2,3))	410	5
(((1,2),3),(4,5))	((1,(4,5)),(2,3))	411	5
(((1,2),3),(4,5))	((1,(4,5)),(2,3))	412	10
(((1,2),3),(4,5))	((1,(4,5)),(2,3))	413	9
(((1,2),3),(4,5))	((1,(4,5)),(2,3))	414	5
(((1,2),3),(4,5))	((1,(4,5)),(2,3))	415	10
(((1,2),3),(4,5))	((1,(4,5)),(2,3))	416	4
(((1,2),3),(4,5))	((1,(4,5)),(2,3))	417	8
(((1,2),3),(4,5))	((1,(4,5)),(2,3))	418	4
(((1,2),3),(4,5))	((1,(4,5)),(2,3))	419	5
(((1,2),3),(4,5))	((1,(4,5)),(2,3))	420	7
(((1,2),3),(4,5))	((1,(4,5)),(2,3))	421	12
(((1,2),3),(4,5))	((1,(4,5)),(2,3))	422	4
(((1,2),3),(4,5))	((1,(4,5)),(2,3))	423	9
(((1,2),3),(4,5))	((1,(4,5)),(2,3))	424	4
(((1,2),3),(4,5))	((1,(4,5)),(2,3))	425	5
(((1,2),3),(4,5))	((1,(4,5)),(2,3))	426	12
(((1,2),3),(4,5))	((1,(4,5)),(2,3))	427	2
(((1,2),3),(4,5))	((1,(4,5)),(2,3))	428	2
(((1,2),3),(4,5))	((1,(4,5)),(2,3))	429	3
(((1,2),3),(4,5))	((1,(4,5)),(2,3))	430	5
(((1,2),3),(4,5))	((1,(4,5)),(2,3))	431	5
(((1,2),3),(4,5))	((1,(4,5)),(2,3))	432	5
(((1,2),3),(4,5))	((1,(4,5)),(2,3))	433	7
(((1,2),3),(4,5))	((1,(4,5)),(2,3))	434	1
(((1,2),3),(4,5))	((1,(4,5)),(2,3))	435	6
(((1,2),3),(4,5))	((1,(4,5)),(2,3))	436	5
(((1,2),3),(4,5))	((1,(4,5)),(2,3))	437	5
(((1,2),3),(4,5))	((1,(4,5)),(2,3))	438	3
(((1,2),3),(4,5))	((1,(4,5)),(2,3))	439	5
(((1,2),3),(4,5))	((1,(4,5)),(2,3))	440	4
(((1,2),3),(4,5))	((1,(4,5)),(2,3))	441	6
(((1,2),3),(4,5))	((1,(4,5)),(2,3))	442	6
(((1,2),3),(4,5))	((1,(4,5)),(2,3))	443	3
(((1,2),3),(4,5))	((1,(4,5)),(2,3))	444	4
(((1,2),3),(4,5))	((1,(4,5)),(2,3))	445	3
(((1,2),3),(4,5))	((1,(4,5)),(2,3))	446	1
(((1,2),3),(4,5))	((1,(4,5)),(2,3))	447	5
(((1,2),3),(4,5))	((1,(4,5)),(2,3))	448	3
(((1,2),3),(4,5))	((1,(4,5)),(2,3))	449	2
(((1,2),3),(4,5))	((1,(4,5)),(2,3))	451	1
(((1,2),3),(4,5))	((1,(4,5)),(2,3))	452	2
(((1,2),3),(4,5))	((1,(4,5)),(2,3))	453	5
(((1,2),3),(4,5))	((1,(4,5)),(2,3))	454	3
(((1,2),3),(4,5))	((1,(4,5)),(2,3))	455	1
(((1,2),3),(4,5))	((1,(4,5)),(2,3))	456	7
(((1,2),3),(4,5))	((1,(4,5)),(2,3))	457	1
(((1,2),3),(4,5))	((1,(4,5)),(2,3))	458	3
(((1,2),3),(4,5))	((1,(4,5)),(2,3))	459	3
(((1,2),3),(4,5))	((1,(4,5)),(2,3))	460	2
(((1,2),3),(4,5))	((1,(4,5)),(2,3))	461	2
(((1,2),3),(4,5))	((1,(4,5)),(2,3))	462	5
(((1,2),3),(4,5))	((1,(4,5)),(2,3))	464	3
(((1,2),3),(4,5))	((1,(4,5)),(2,3))	465	1
(((1,2),3),(4,5))	((1,(4,5)),(2,3))	466	5
(((1,2),3),(4,5))	((1,(4,5)),(2,3))	467	10
(((1,2),3),(4,5))	((1,(4,5)),(2,3))	468	2
(((1,2),3),(4,5))	((1,(4,5)),(2,3))	469	3
(((1,2),3),(4,5))	((1,(4,5)),(2,3))	470	4
(((1,2),3),(4,5))	((1,(4,5)),(2,3))	471	2
(((1,2),3),(4,5))	((1,(4,5)),(2,3))	472	5
(((1,2),3),(4,5))	((1,(4,5)),(2,3))	473	2
(((1,2),3),(4,5))	((1,(4,5)),(2,3))	475	3
(((1,2),3),(4,5))	((1,(4,5)),(2,3))	476	2
(((1,2),3),(4,5))	((1,(4,5)),(2,3))	477	2
(((1,2),3),(4,5))	((1,(4,5)),(2,3))	478	4
(((1,2),3),(4,5))	((1,(4,5)),(2,3))	479	4
(((1,2),3),(4,5))	((1,(4,5)),(2,3))	480	5
(((1,2),3),(4,5))	((1,(4,5)),(2,3))	481	2
(((1,2),3),(4,5))	((1,(4,5)),(2,3))	483	3
(((1,2),3),(4,5))	((1,(4,5)),(2,3))	484	3
(((1,2),3),(4,5))	((1,(4,5)),(2,3))	485	2
(((1,2),3),(4,5))	((1,(4,5)),(2,3))	486	1
(((1,2),3),(4,5))	((1,(4,5)),(2,3))	487	3
(((1,2),3),(4,5))	((1,(4,5)),(2,3))	488	1
(((1,2),3),(4,5))	((1,(4,5)),(2,3))	489	2
(((1,2),3),(4,5))	((1,(4,5)),(2,3))	490	2
(((1,2),3),(4,5))	((1,(4,5)),(2,3))	491	5
(((1,2),3),(4,5))	((1,(4,5)),(2,3))	492	1
(((1,2),3),(4,5))	((1,(4,5)),(2,3))	494	2
(((1,2),3),(4,5))	((1,(4,5)),(2,3))	495	2
(((1,2),3),(4,5))	((1,(4,5)),(2,3))	496	1
(((1,2),3),(4,5))	((1,(4,5)),(2,3))	497	1
(((1,2),3),(4,5))	((1,(4,5)),(2,3))	498	1
(((1,2),3),(4,5))	((1,(4,5)),(2,3))	500	1
(((1,2),3),(4,5))	((1,(4,5)),(2,3))	501	1
(((1,2),3),(4,5))	((1,(4,5)),(2,3))	503	1
(((1,2),3),(4,5))	((1,(4,5)),(2,3))	504	1
(((1,2),3),(4,5))	((1,(4,5)),(2,3))	505	1
(((1,2),3),(4,5))	((1,(4,5)),(2,3))	508	3
(((1,2),3),(4,5))	((1,(4,5)),(2,3))	510	1
(((1,2),3),(4,5))	((1,(4,5)),(2,3))	513	1
(((1,2),3),(4,5))	((1,(4,5)),(2,3))	514	1
(((1,2),3),(4,5))	((1,(4,5)),(2,3))	516	1
(((1,2),3),(4,5))	((1,(4,5)),(2,3))	518	1
(((1,2),3),(4,5))	((1,(4,5)),(2,3))	519	1
(((1,2),3),(4,5))	((1,(4,5)),(2,3))	520	1
(((1,2),3),(4,5))	((1,(4,5)),(2,3))	521	2
(((1,2),3),(4,5))	((1,(4,5)),(2,3))	522	1
(((1,2),3),(4,5))	((1,(4,5)),(2,3))	524	1
(((1,2),3),(4,5))	((1,(4,5)),(2,3))	525	1
(((1,2),3),(4,5))	((1,(4,5)),(2,3))	531	2
(((1,2),3),(4,5))	((1,(4,5)),(2,3))	533	1
(((1,2),3),(4,5))	((1,(4,5)),(2,3))	534	1
(((1,2),3),(4,5))	((1,(4,5)),(2,3))	536	1
(((1,2),3),(4,5))	((1,(4,5)),(2,3))	538	1
(((1,2),3),(4,5))	((1,(4,5)),(2,3))	542	2
(((1,2),3),(4,5))	((1,(4,5)),(2,3))	548	1
(((1,2),3),(4,5))	((1,(4,5)),(2,3))	551	2
(((1,2),3),(4,5))	((1,(4,5)),(2,3))	563	3
(((1,2),3),(4,5))	((1,(4,5)),(2,3))	564	1
(((1,2),3),(4,5))	((1,(4,5)),(2,3))	566	1
(((1,2),3),(4,5))	((1,(4,5)),(2,3))	569	1
(((1,2),3),(4,5))	((1,(4,5)),(2,3))	570	1
(((1,2),3),(4,5))	((1,(4,5)),(2,3))	574	1
(((1,2),3),(4,5))	((1,(4,5)),(2,3))	575	1
(((1,2),3),(4,5))	((1,(4,5)),(2,3))	576	1
(((1,2),3),(4,5))	((1,(4,5)),(2,3))	578	1
(((1,2),3),(4,5))	((1,(4,5)),(2,3))	588	1
(((1,2),3),(4,5))	((1,(4,5)),(2,3))	599	1
(((1,2),3),(4,5))	((1,(4,5)),(2,3))	608	1
(((1,2),3),(4,5))	((1,(4,5)),(2,3))	613	1
(((1,2),3),(4,5))	((1,(4,5)),(2,3))	619	1
(((1,2),3),(4,5))	((1,(4,5)),(2,3))	621	2
(((1,2),3),(4,5))	((1,(4,5)),(2,3))	628	1
(((1,2),3),(4,5))	((1,(4,5)),(2,3))	629	1
(((1,2),3),(4,5))	((1,(4,5)),(2,3))	647	1
(((1,2),3),(4,5))	((1,(4,5)),(2,3))	650	1
(((1,2),3),(4,5))	((1,(4,5)),(2,3))	687	1
(((1,2),3),(4,5))	((1,(4,5)),(2,3))	697	1
((1,(4,5)),(2,3))	(((1,2),3),(4,5))	1	34906
((1,(4,5)),(2,3))	(((1,2),3),(4,5))	2	28255
((1,(4,5)),(2,3))	(((1,2),3),(4,5))	3	24829
((1,(4,5)),(2,3))	(((1,2),3),(4,5))	4	22558
((1,(4,5)),(2,3))	(((1,2),3),(4,5))	5	20878
((1,(4,5)),(2,3))	(((1,2),3),(4,5))	6	19813
((1,(4,5)),(2,3))	(((1,2),3),(4,5))	7	19011
((1,(4,5)),(2,3))	(((1,2),3),(4,5))	8	18235
((1,(4,5)),(2,3))	(((1,2),3),(4,5))	9	17460
((1,(4,5)),(2,3))	(((1,2),3),(4,5))	10	16977
((1,(4,5)),(2,3))	(((1,2),3),(4,5))	11	16195
((1,(4,5)),(2,3))	(((1,2),3),(4,5))	12	15739
((1,(4,5)),(2,3))	(((1,2),3),(4,5))	13	15284
((1,(4,5)),(2,3))	(((1,2),3),(4,5))	14	14581
((1,(4,5)),(2,3))	(((1,2),3),(4,5))	15	14495
((1,(4,5)),(2,3))	(((1,2),3),(4,5))	16	13827
((1,(4,5)),(2,3))	(((1,2),3),(4,5))	17	13442
((1,(4,5)),(2,3))	(((1,2),3),(4,5))	18	13024
((1,(4,5)),(2,3))	(((1,2),3),(4,5))	19	12704
((1,(4,5)),(2,3))	(((1,2),3),(4,5))	20	12350
((1,(4,5)),(2,3))	(((1,2),3),(4,5))	21	12100
((1,(4,5)),(2,3))	(((1,2),3),(4,5))	22	11572
((1,(4,5)),(2,3))	(((1,2),3),(4,5))	23	11272
((1,(4,5)),(2,3))	(((1,2),3),(4,5))	24	10881
((1,(4,5)),(2,3))	(((1,2),3),(4,5))	25	10663
((1,(4,5)),(2,3))	(((1,2),3),(4,5))	26	10493
((1,(4,5)),(2,3))	(((1,2),3),(4,5))	27	10214
((1,(4,5)),(2,3))	(((1,2),3),(4,5))	28	9905
((1,(4,5)),(2,3))	(((1,2),3),(4,5))	29	9582
((1,(4,5)),(2,3))	(((1,2),3),(4,5))	30	9531
((1,(4,5)),(2,3))	(((1,2),3),(4,5))	31	9281
((1,(4,5)),(2,3))	(((1,2),3),(4,5))	32	8861
((1,(4,5)),(2,3))	(((1,2),3),(4,5))	33	8815
((1,(4,5)),(2,3))	(((1,2),3),(4,5))	34	8536
((1,(4,5)),(2,3))	(((1,2),3),(4,5))	35	8603
((1,(4,5)),(2,3))	(((1,2),3),(4,5))	36	8244
((1,(4,5)),(2,3))	(((1,2),3),(4,5))	37	8220
((1,(4,5)),(2,3))	(((1,2),3),(4,5))	38	7905
((1,(4,5)),(2,3))	(((1,2),3),(4,5))	39	7736
((1,(4,5)),(2,3))	(((1,2),3),(4,5))	40	7547
((1,(4,5)),(2,3))	(((1,2),3),(4,5))	41	7353
((1,(4,5)),(2,3))	(((1,2),3),(4,5))	42	7306
((1,(4,5)),(2,3))	(((1,2),3),(4,5))	43	6990
((1,(4,5)),(2,3))	(((1,2),3),(4,5))	44	7071
((1,(4,5)),(2,3))	(((1,2),3),(4,5))	45	6774
((1,(4,5)),(2,3))	(((1,2),3),(4,5))	46	6695
((1,(4,5)),(2,3))	(((1,2),3),(4,5))	47	6501
((1,(4,5)),(2,3))	(((1,2),3),(4,5))	48	6346
((1,(4,5)),(2,3))	(((1,2),3),(4,5))	49	6269
((1,(4,5)),(2,3))	(((1,2),3),(4,5))	50	6182
((1,(4,5)),(2,3))	(((1,2),3),(4,5))	51	5933
((1,(4,5)),(2,3))	(((1,2),3),(4,5))	52	5873
((1,(4,5)),(2,3))	(((1,2),3),(4,5))	53	5839
((1,(4,5)),(2,3))	(((1,2),3),(4,5))	54	5546
((1,(4,5)),(2,3))	(((1,2),3),(4,5))	55	5596
((1,(4,5)),(2,3))	(((1,2),3),(4,5))	56	5473
((1,(4,5)),(2,3))	(((1,2),3),(4,5))	57	5356
((1,(4,5)),(2,3))	(((1,2),3),(4,5))	58	5233
((1,(4,5)),(2,3))	(((1,2),3),(4,5))	59	5110
((1,(4,5)),(2,3))	(((1,2),3),(4,5))	60	5026
((1,(4,5)),(2,3))	(((1,2),3),(4,5))	61	4952
((1,(4,5)),(2,3))	(((1,2),3),(4,5))	62	4837
((1,(4,5)),(2,3))	(((1,2),3),(4,5))	63	4842
((1,(4,5)),(2,3))	(((1,2),3),(4,5))	64	4851
((1,(4,5)),(2,3))	(((1,2),3),(4,5))	65	4659
((1,(4,5)),(2,3))	(((1,2),3),(4,5))	66	4482
((1,(4,5)),(2,3))	(((1,2),3),(4,5))	67	4500
((1,(4,5)),(2,3))	(((1,2),3),(4,5))	68	4489
((1,(4,5)),(2,3))	(((1,2),3),(4,5))	69	4231
((1,(4,5)),(2,3))	(((1,2),3),(4,5))	70	4303
((1,(4,5)),(2,3))	(((1,2),3),(4,5))	71	4295
((1,(4,5)),(2,3))	(((1,2),3),(4,5))	72	4062
((1,(4,5)),(2,3))	(((1,2),3),(4,5))	73	4078
((1,(4,5)),(2,3))	(((1,2),3),(4,5))	74	3960
((1,(4,5)),(2,3))	(((1,2),3),(4,5))	75	3966
((1,(4,5)),(2,3))	(((1,2),3),(4,5))	76	3942
((1,(4,5)),(2,3))	(((1,2),3),(4,5))	77	3786
((1,(4,5)),(2,3))	(((1,2),3),(4,5))	78	3670
((1,(4,5)),(2,3))	(((1,2),3),(4,5))	79	3563
((1,(4,5)),(2,3))	(((1,2),3),(4,5))	80	3524
((1,(4,5)),(2,3))	(((1,2),3),(4,5))	81	3530
((1,(4,5)),(2,3))	(((1,2),3),(4,5))	82	3442
((1,(4,5)),(2,3))	(((1,2),3),(4,5))	83	3474
((1,(4,5)),(2,3))	(((1,2),3),(4,5))	84	3372
((1,(4,5)),(2,3))	(((1,2),3),(4,5))	85	3395
((1,(4,5)),(2,3))	(((1,2),3),(4,5))	86	3148
((1,(4,5)),(2,3))	(((1,2),3),(4,5))	87	3160
((1,(4,5)),(2,3))	(((1,2),3),(4,5))	88	3162
((1,(4,5)),(2,3))	(((1,2),3),(4,5))	89	3081
((1,(4,5)),(2,3))	(((1,2),3),(4,5))	90	3080
((1,(4,5)),(2,3))	(((1,2),3),(4,5))	91	2945
((1,(4,5)),(2,3))	(((1,2),3),(4,5))	92	2908
((1,(4,5)),(2,3))	(((1,2),3),(4,5))	93	2881
((1,(4,5)),(2,3))	(((1,2),3),(4,5))	94	2898
((1,(4,5)),(2,3))	(((1,2),3),(4,5))	95	2795
((1,(4,5)),(2,3))	(((1,2),3),(4,5))	96	2845
((1,(4,5)),(2,3))	(((1,2),3),(4,5))	97	2717
((1,(4,5)),(2,3))	(((1,2),3),(4,5))	98	2661
((1,(4,5)),(2,3))	(((1,2),3),(4,5))	99	2570
((1,(4,5)),(2,3))	(((1,2),3),(4,5))	100	2643
((1,(4,5)),(2,3))	(((1,2),3),(4,5))	101	2527
((1,(4,5)),(2,3))	(((1,2),3),(4,5))	102	2438
((1,(4,5)),(2,3))	(((1,2),3),(4,5))	103	2481
((1,(4,5)),(2,3))	(((1,2),3),(4,5))	104	2442
((1,(4,5)),(2,3))	(((1,2),3),(4,5))	105	2382
((1,(4,5)),(2,3))	(((1,2),3),(4,5))	106	2256
((1,(4,5)),(2,3))	(((1,2),3),(4,5))	107	2322
((1,(4,5)),(2,3))	(((1,2),3),(4,5))	108	2148
((1,(4,5)),(2,3))	(((1,2),3),(4,5))	109	2150
((1,(4,5)),(2,3))	(((1,2),3),(4,5))	110	2181
((1,(4,5)),(2,3))	(((1,2),3),(4,5))	111	2189
((1,(4,5)),(2,3))	(((1,2),3),(4,5))	112	2068
((1,(4,5)),(2,3))	(((1,2),3),(4,5))	113	2116
((1,(4,5)),(2,3))	(((1,2),3),(4,5))	114	2045
((1,(4,5)),(2,3))	(((1,2),3),(4,5))	115	1990
((1,(4,5)),(2,3))	(((1,2),3),(4,5))	116	2029
((1,(4,5)),(2,3))	(((1,2),3),(4,5))	117	1841
((1,(4,5)),(2,3))	(((1,2),3),(4,5))	118	1981
((1,(4,5)),(2,3))	(((1,2),3),(4,5))	119	1842
((1,(4,5)),(2,3))	(((1,2),3),(4,5))	120	1829
((1,(4,5)),(2,3))	(((1,2),3),(4,5))	121	1829
((1,(4,5)),(2,3))	(((1,2),3),(4,5))	122	1769
((1,(4,5)),(2,3))	(((1,2),3),(4,5))	123	1800
((1,(4,5)),(2,3))	(((1,2),3),(4,5))	124	1719
((1,(4,5)),(2,3))	(((1,2),3),(4,5))	125	1761
((1,(4,5)),(2,3))	(((1,2),3),(4,5))	126	1667
((1,(4,5)),(2,3))	(((1,2),3),(4,5))	127	1637
((1,(4,5)),(2,3))	(((1,2),3),(4,5))	128	1657
((1,(4,5)),(2,3))	(((1,2),3),(4,5))	129	1586
((1,(4,5)),(2,3))	(((1,2),3),(4,5))	130	1519
((1,(4,5)),(2,3))	(((1,2),3),(4,5))	131	1554
((1,(4,5)),(2,3))	(((1,2),3),(4,5))	132	1503
((1,(4,5)),(2,3))	(((1,2),3),(4,5))	133	1517
((1,(4,5)),(2,3))	(((1,2),3),(4,5))	134	1471
((1,(4,5)),(2,3))	(((1,2),3),(4,5))	135	1478
((1,(4,5)),(2,3))	(((1,2),3),(4,5))	136	1459
((1,(4,5)),(2,3))	(((1,2),3),(4,5))	137	1364
((1,(4,5)),(2,3))	(((1,2),3),(4,5))	138	1302
((1,(4,5)),(2,3))	(((1,2),3),(4,5))	139	1386
((1,(4,5)),(2,3))	(((1,2),3),(4,5))	140	1311
((1,(4,5)),(2,3))	(((1,2),3),(4,5))	141	1274
((1,(4,5)),(2,3))	(((1,2),3),(4,5))	142	1296
((1,(4,5)),(2,3))	(((1,2),3),(4,5))	143	1183
((1,(4,5)),(2,3))	(((1,2),3),(4,5))	144	1222
((1,(4,5)),(2,3))	(((1,2),3),(4,5))	145	1223
((1,(4,5)),(2,3))	(((1,2),3),(4,5))	146	1162
((1,(4,5)),(2,3))	(((1,2),3),(4,5))	147	1187
((1,(4,5)),(2,3))	(((1,2),3),(4,5))	148	1151
((1,(4,5)),(2,3))	(((1,2),3),(4,5))	149	1134
((1,(4,5)),(2,3))	(((1,2),3),(4,5))	150	1101
((1,(4,5)),(2,3))	(((1,2),3),(4,5))	151	1156
((1,(4,5)),(2,3))	(((1,2),3),(4,5))	152	1070
((1,(4,5)),(2,3))	(((1,2),3),(4,5))	153	1096
((1,(4,5)),(2,3))	(((1,2),3),(4,5))	154	1034
((1,(4,5)),(2,3))	(((1,2),3),(4,5))	155	1011
((1,(4,5)),(2,3))	(((1,2),3),(4,5))	156	1032
((1,(4,5)),(2,3))	(((1,2),3),(4,5))	157	963
((1,(4,5)),(2,3))	(((1,2),3),(4,5))	158	960
((1,(4,5)),(2,3))	(((1,2),3),(4,5))	159	1057
((1,(4,5)),(2,3))	(((1,2),3),(4,5))	160	951
((1,(4,5)),(2,3))	(((1,2),3),(4,5))	161	980
((1,(4,5)),(2,3))	(((1,2),3),(4,5))	162	936
((1,(4,5)),(2,3))	(((1,2),3),(4,5))	163	889
((1,(4,5)),(2,3))	(((1,2),3),(4,5))	164	859
((1,(4,5)),(2,3))	(((1,2),3),(4,5))	165	871
((1,(4,5)),(2,3))	(((1,2),3),(4,5))	166	851
((1,(4,5)),(2,3))	(((1,2),3),(4,5))	167	844
((1,(4,5)),(2,3))	(((1,2),3),(4,5))	168	821
((1,(4,5)),(2,3))	(((1,2),3),(4,5))	169	774
((1,(4,5)),(2,3))	(((1,2),3),(4,5))	170	817
((1,(4,5)),(2,3))	(((1,2),3),(4,5))	171	807
((1,(4,5)),(2,3))	(((1,2),3),(4,5))	172	769
((1,(4,5)),(2,3))	(((1,2),3),(4,5))	173	748
((1,(4,5)),(2,3))	(((1,2),3),(4,5))	174	726
((1,(4,5)),(2,3))	(((1,2),3),(4,5))	175	742
((1,(4,5)),(2,3))	(((1,2),3),(4,5))	176	698
((1,(4,5)),(2,3))	(((1,2),3),(4,5))	177	767
((1,(4,5)),(2,3))	(((1,2),3),(4,5))	178	766
((1,(4,5)),(2,3))	(((1,2),3),(4,5))	179	693
((1,(4,5)),(2,3))	(((1,2),3),(4,5))	180	678
((1,(4,5)),(2,3))	(((1,2),3),(4,5))	181	633
((1,(4,5)),(2,3))	(((1,2),3),(4,5))	182	678
((1,(4,5)),(2,3))	(((1,2),3),(4,5))	183	640
((1,(4,5)),(2,3))	(((1,2),3),(4,5))	184	625
((1,(4,5)),(2,3))	(((1,2),3),(4,5))	185	629
((1,(4,5)),(2,3))	(((1,2),3),(4,5))	186	619
((1,(4,5)),(2,3))	(((1,2),3),(4,5))	187	608
((1,(4,5)),(2,3))	(((1,2),3),(4,5))	188	592
((1,(4,5)),(2,3))	(((1,2),3),(4,5))	189	597
((1,(4,5)),(2,3))	(((1,2),3),(4,5))	190	560
((1,(4,5)),(2,3))	(((1,2),3),(4,5))	191	598
((1,(4,5)),(2,3))	(((1,2),3),(4,5))	192	542
((1,(4,5)),(2,3))	(((1,2),3),(4,5))	193	507
((1,(4,5)),(2,3))	(((1,2),3),(4,5))	194	543
((1,(4,5)),(2,3))	(((1,2),3),(4,5))	195	520
((1,(4,5)),(2,3))	(((1,2),3),(4,5))	196	546
((1,(4,5)),(2,3))	(((1,2),3),(4,5))	197	547
((1,(4,5)),(2,3))	(((1,2),3),(4,5))	198	532
((1,(4,5)),(2,3))	(((1,2),3),(4,5))	199	522
((1,(4,5)),(2,3))	(((1,2),3),(4,5))	200	480
((1,(4,5)),(2,3))	(((1,2),3),(4,5))	201	497
((1,(4,5)),(2,3))	(((1,2),3),(4,5))	202	452
((1,(4,5)),(2,3))	(((1,2),3),(4,5))	203	490
((1,(4,5)),(2,3))	(((1,2),3),(4,5))	204	415
((1,(4,5)),(2,3))	(((1,2),3),(4,5))	205	451
((1,(4,5)),(2,3))	(((1,2),3),(4,5))	206	421
((1,(4,5)),(2,3))	(((1,2),3),(4,5))	207	450
((1,(4,5)),(2,3))	(((1,2),3),(4,5))	208	436
((1,(4,5)),(2,3))	(((1,2),3),(4,5))	209	447
((1,(4,5)),(2,3))	(((1,2),3),(4,5))	210	439
((1,(4,5)),(2,3))	(((1,2),3),(4,5))	211	391
((1,(4,5)),(2,3))	(((1,2),3),(4,5))	212	421
((1,(4,5)),(2,3))	(((1,2),3),(4,5))	213	388
((1,(4,5)),(2,3))	(((1,2),3),(4,5))	214	384
((1,(4,5)),(2,3))	(((1,2),3),(4,5))	215	351
((1,(4,5)),(2,3))	(((1,2),3),(4,5))	216	370
((1,(4,5)),(2,3))	(((1,2),3),(4,5))	217	366
((1,(4,5)),(2,3))	(((1,2),3),(4,5))	218	337
((1,(4,5)),(2,3))	(((1,2),3),(4,5))	219	355
((1,(4,5)),(2,3))	(((1,2),3),(4,5))	220	351
((1,(4,5)),(2,3))	(((1,2),3),(4,5))	221	366
((1,(4,5)),(2,3))	(((1,2),3),(4,5))	222	322
((1,(4,5)),(2,3))	(((1,2),3),(4,5))	223	356
((1,(4,5)),(2,3))	(((1,2),3),(4,5))	224	305
((1,(4,5)),(2,3))	(((1,2),3),(4,5))	225	321
((1,(4,5)),(2,3))	(((1,2),3),(4,5))	226	306
((1,(4,5)),(2,3))	(((1,2),3),(4,5))	227	299
((1,(4,5)),(2,3))	(((1,2),3),(4,5))	228	303
((1,(4,5)),(2,3))	(((1,2),3),(4,5))	229	284
((1,(4,5)),(2,3))	(((1,2),3),(4,5))	230	321
((1,(4,5)),(2,3))	(((1,2),3),(4,5))	231	264
((1,(4,5)),(2,3))	(((1,2),3),(4,5))	232	284
((1,(4,5)),(2,3))	(((1,2),3),(4,5))	233	298
((1,(4,5)),(2,3))	(((1,2),3),(4,5))	234	280
((1,(4,5)),(2,3))	(((1,2),3),(4,5))	235	288
((1,(4,5)),(2,3))	(((1,2),3),(4,5))	236	245
((1,(4,5)),(2,3))	(((1,2),3),(4,5))	237	280
((1,(4,5)),(2,3))	(((1,2),3),(4,5))	238	256
((1,(4,5)),(2,3))	(((1,2),3),(4,5))	239	279
((1,(4,5)),(2,3))	(((1,2),3),(4,5))	240	279
((1,(4,5)),(2,3))	(((1,2),3),(4,5))	241	243
((1,(4,5)),(2,3))	(((1,2),3),(4,5))	242	245
((1,(4,5)),(2,3))	(((1,2),3),(4,5))	243	241
((1,(4,5)),(2,3))	(((1,2),3),(4,5))	244	259
((1,(4,5)),(2,3))	(((1,2),3),(4,5))	245	226
((1,(4,5)),(2,3))	(((1,2),3),(4,5))	246	255
((1,(4,5)),(2,3))	(((1,2),3),(4,5))	247	219
((1,(4,5)),(2,3))	(((1,2),3),(4,5))	248	208
((1,(4,5)),(2,3))	(((1,2),3),(4,5))	249	195
((1,(4,5)),(2,3))	(((1,2),3),(4,5))	250	233
((1,(4,5)),(2,3))	(((1,2),3),(4,5))	251	218
((1,(4,5)),(2,3))	(((1,2),3),(4,5))	252	210
((1,(4,5)),(2,3))	(((1,2),3),(4,5))	253	197
((1,(4,5)),(2,3))	(((1,2),3),(4,5))	254	201
((1,(4,5)),(2,3))	(((1,2),3),(4,5))	255	206
((1,(4,5)),(2,3))	(((1,2),3),(4,5))	256	210
((1,(4,5)),(2,3))	(((1,2),3),(4,5))	257	182
((1,(4,5)),(2,3))	(((1,2),3),(4,5))	258	210
((1,(4,5)),(2,3))	(((1,2),3),(4,5))	259	187
((1,(4,5)),(2,3))	(((1,2),3),(4,5))	260	182
((1,(4,5)),(2,3))	(((1,2),3),(4,5))	261	206
((1,(4,5)),(2,3))	(((1,2),3),(4,5))	262	171
((1,(4,5)),(2,3))	(((1,2),3),(4,5))	263	191
((1,(4,5)),(2,3))	(((1,2),3),(4,5))	264	164
((1,(4,5)),(2,3))	(((1,2),3),(4,5))	265	162
((1,(4,5)),(2,3))	(((1,2),3),(4,5))	266	178
((1,(4,5)),(2,3))	(((1,2),3),(4,5))	267	165
((1,(4,5)),(2,3))	(((1,2),3),(4,5))	268	189
((1,(4,5)),(2,3))	(((1,2),3),(4,5))	269	181
((1,(4,5)),(2,3))	(((1,2),3),(4,5))	270	163
((1,(4,5)),(2,3))	(((1,2),3),(4,5))	271	162
((1,(4,5)),(2,3))	(((1,2),3),(4,5))	272	143
((1,(4,5)),(2,3))	(((1,2),3),(4,5))	273	145
((1,(4,5)),(2,3))	(((1,2),3),(4,5))	274	155
((1,(4,5)),(2,3))	(((1,2),3),(4,5))	275	152
((1,(4,5)),(2,3))	(((1,2),3),(4,5))	276	137
((1,(4,5)),(2,3))	(((1,2),3),(4,5))	277	141
((1,(4,5)),(2,3))	(((1,2),3),(4,5))	278	131
((1,(4,5)),(2,3))	(((1,2),3),(4,5))	279	151
((1,(4,5)),(2,3))	(((1,2),3),(4,5))	280	121
((1,(4,5)),(2,3))	(((1,2),3),(4,5))	281	132
((1,(4,5)),(2,3))	(((1,2),3),(4,5))	282	119
((1,(4,5)),(2,3))	(((1,2),3),(4,5))	283	106
((1,(4,5)),(2,3))	(((1,2),3),(4,5))	284	117
((1,(4,5)),(2,3))	(((1,2),3),(4,5))	285	122
((1,(4,5)),(2,3))	(((1,2),3),(4,5))	286	114
((1,(4,5)),(2,3))	(((1,2),3),(4,5))	287	130
((1,(4,5)),(2,3))	(((1,2),3),(4,5))	288	114
((1,(4,5)),(2,3))	(((1,2),3),(4,5))	289	125
((1,(4,5)),(2,3))	(((1,2),3),(4,5))	290	111
((1,(4,5)),(2,3))	(((1,2),3),(4,5))	291	115
((1,(4,5)),(2,3))	(((1,2),3),(4,5))	292	111
((1,(4,5)),(2,3))	(((1,2),3),(4,5))	293	86
((1,(4,5)),(2,3))	(((1,2),3),(4,5))	294	104
((1,(4,5)),(2,3))	(((1,2),3),(4,5))	295	108
((1,(4,5)),(2,3))	(((1,2),3),(4,5))	296	108
((1,(4,5)),(2,3))	(((1,2),3),(4,5))	297	101
((1,(4,5)),(2,3))	(((1,2),3),(4,5))	298	94
((1,(4,5)),(2,3))	(((1,2),3),(4,5))	299	107
((1,(4,5)),(2,3))	(((1,2),3),(4,5))	300	113
((1,(4,5)),(2,3))	(((1,2),3),(4,5))	301	101
((1,(4,5)),(2,3))	(((1,2),3),(4,5))	302	76
((1,(4,5)),(2,3))	(((1,2),3),(4,5))	303	105
((1,(4,5)),(2,3))	(((1,2),3),(4,5))	304	93
((1,(4,5)),(2,3))	(((1,2),3),(4,5))	305	93
((1,(4,5)),(2,3))	(((1,2),3),(4,5))	306	84
((1,(4,5)),(2,3))	(((1,2),3),(4,5))	307	75
((1,(4,5)),(2,3))	(((1,2),3),(4,5))	308	101
((1,(4,5)),(2,3))	(((1,2),3),(4,5))	309	80
((1,(4,5)),(2,3))	(((1,2),3),(4,5))	310	76
((1,(4,5)),(2,3))	(((1,2),3),(4,5))	311	94
((1,(4,5)),(2,3))	(((1,2),3),(4,5))	312	82
((1,(4,5)),(2,3))	(((1,2),3),(4,5))	313	75
((1,(4,5)),(2,3))	(((1,2),3),(4,5))	314	71
((1,(4,5)),(2,3))	(((1,2),3),(4,5))	315	76
((1,(4,5)),(2,3))	(((1,2),3),(4,5))	316	74
((1,(4,5)),(2,3))	(((1,2),3),(4,5))	317	80
((1,(4,5)),(2,3))	(((1,2),3),(4,5))	318	84
((1,(4,5)),(2,3))	(((1,2),3),(4,5))	319	67
((1,(4,5)),(2,3))	(((1,2),3),(4,5))	320	91
((1,(4,5)),(2,3))	(((1,2),3),(4,5))	321	77
((1,(4,5)),(2,3))	(((1,2),3),(4,5))	322	71
((1,(4,5)),(2,3))	(((1,2),3),(4,5))	323	63
((1,(4,5)),(2,3))	(((1,2),3),(4,5))	324	57
((1,(4,5)),(2,3))	(((1,2),3),(4,5))	325	67
((1,(4,5)),(2,3))	(((1,2),3),(4,5))	326	61
((1,(4,5)),(2,3))	(((1,2),3),(4,5))	327	59
((1,(4,5)),(2,3))	(((1,2),3),(4,5))	328	61
((1,(4,5)),(2,3))	(((1,2),3),(4,5))	329	53
((1,(4,5)),(2,3))	(((1,2),3),(4,5))	330	57
((1,(4,5)),(2,3))	(((1,2),3),(4,5))	331	65
((1,(4,5)),(2,3))	(((1,2),3),(4,5))	332	56
((1,(4,5)),(2,3))	(((1,2),3),(4,5))	333	48
((1,(4,5)),(2,3))	(((1,2),3),(4,5))	334	58
((1,(4,5)),(2,3))	(((1,2),3),(4,5))	335	70
((1,(4,5)),(2,3))	(((1,2),3),(4,5))	336	49
((1,(4,5)),(2,3))	(((1,2),3),(4,5))	337	61
((1,(4,5)),(2,3))	(((1,2),3),(4,5))	338	47
((1,(4,5)),(2,3))	(((1,2),3),(4,5))	339	59
((1,(4,5)),(2,3))	(((1,2),3),(4,5))	340	62
((1,(4,5)),(2,3))	(((1,2),3),(4,5))	341	53
((1,(4,5)),(2,3))	(((1,2),3),(4,5))	342	43
((1,(4,5)),(2,3))	(((1,2),3),(4,5))	343	44
((1,(4,5)),(2,3))	(((1,2),3),(4,5))	344	44
((1,(4,5)),(2,3))	(((1,2),3),(4,5))	345	55
((1,(4,5)),(2,3))	(((1,2),3),(4,5))	346	48
((1,(4,5)),(2,3))	(((1,2),3),(4,5))	347	39
((1,(4,5)),(2,3))	(((1,2),3),(4,5))	348	48
((1,(4,5)),(2,3))	(((1,2),3),(4,5))	349	49
((1,(4,5)),(2,3))	(((1,2),3),(4,5))	350	39
((1,(4,5)),(2,3))	(((1,2),3),(4,5))	351	34
((1,(4,5)),(2,3))	(((1,2),3),(4,5))	352	38
((1,(4,5)),(2,3))	(((1,2),3),(4,5))	353	41
((1,(4,5)),(2,3))	(((1,2),3),(4,5))	354	39
((1,(4,5)),(2,3))	(((1,2),3),(4,5))	355	39
((1,(4,5)),(2,3))	(((1,2),3),(4,5))	356	44
((1,(4,5)),(2,3))	(((1,2),3),(4,5))	357	43
((1,(4,5)),(2,3))	(((1,2),3),(4,5))	358	37
((1,(4,5)),(2,3))	(((1,2),3),(4,5))	359	40
((1,(4,5)),(2,3))	(((1,2),3),(4,5))	360	44
((1,(4,5)),(2,3))	(((1,2),3),(4,5))	361	39
((1,(4,5)),(2,3))	(((1,2),3),(4,5))	362	36
((1,(4,5)),(2,3))	(((1,2),3),(4,5))	363	32
((1,(4,5)),(2,3))	(((1,2),3),(4,5))	364	32
((1,(4,5)),(2,3))	(((1,2),3),(4,5))	365	28
((1,(4,5)),(2,3))	(((1,2),3),(4,5))	366	32
((1,(4,5)),(2,3))	(((1,2),3),(4,5))	367	38
((1,(4,5)),(2,3))	(((1,2),3),(4,5))	368	27
((1,(4,5)),(2,3))	(((1,2),3),(4,5))	369	40
((1,(4,5)),(2,3))	(((1,2),3),(4,5))	370	34
((1,(4,5)),(2,3))	(((1,2),3),(4,5))	371	48
((1,(4,5)),(2,3))	(((1,2),3),(4,5))	372	26
((1,(4,5)),(2,3))	(((1,2),3),(4,5))	373	22
((1,(4,5)),(2,3))	(((1,2),3),(4,5))	374	38
((1,(4,5)),(2,3))	(((1,2),3),(4,5))	375	28
((1,(4,5)),(2,3))	(((1,2),3),(4,5))	376	27
((1,(4,5)),(2,3))	(((1,2),3),(4,5))	377	26
((1,(4,5)),(2,3))	(((1,2),3),(4,5))	378	28
((1,(4,5)),(2,3))	(((1,2),3),(4,5))	379	30
((1,(4,5)),(2,3))	(((1,2),3),(4,5))	380	25
((1,(4,5)),(2,3))	(((1,2),3),(4,5))	381	32
((1,(4,5)),(2,3))	(((1,2),3),(4,5))	382	25
((1,(4,5)),(2,3))	(((1,2),3),(4,5))	383	30
((1,(4,5)),(2,3))	(((1,2),3),(4,5))	384	24
((1,(4,5)),(2,3))	(((1,2),3),(4,5))	385	25
((1,(4,5)),(2,3))	(((1,2),3),(4,5))	386	22
((1,(4,5)),(2,3))	(((1,2),3),(4,5))	387	27
((1,(4,5)),(2,3))	(((1,2),3),(4,5))	388	23
((1,(4,5)),(2,3))	(((1,2),3),(4,5))	389	27
((1,(4,5)),(2,3))	(((1,2),3),(4,5))	390	23
((1,(4,5)),(2,3))	(((1,2),3),(4,5))	391	22
((1,(4,5)),(2,3))	(((1,2),3),(4,5))	392	13
((1,(4,5)),(2,3))	(((1,2),3),(4,5))	393	17
((1,(4,5)),(2,3))	(((1,2),3),(4,5))	394	24
((1,(4,5)),(2,3))	(((1,2),3),(4,5))	395	22
((1,(4,5)),(2,3))	(((1,2),3),(4,5))	396	19
((1,(4,5)),(2,3))	(((1,2),3),(4,5))	397	15
((1,(4,5)),(2,3))	(((1,2),3),(4,5))	398	14
((1,(4,5)),(2,3))	(((1,2),3),(4,5))	399	19
((1,(4,5)),(2,3))	(((1,2),3),(4,5))	400	14
((1,(4,5)),(2,3))	(((1,2),3),(4,5))	401	29
((1,(4,5)),(2,3))	(((1,2),3),(4,5))	402	12
((1,(4,5)),(2,3))	(((1,2),3),(4,5))	403	22
((1,(4,5)),(2,3))	(((1,2),3),(4,5))	404	16
((1,(4,5)),(2,3))	(((1,2),3),(4,5))	405	20
((1,(4,5)),(2,3))	(((1,2),3),(4,5))	406	18
((1,(4,5)),(2,3))	(((1,2),3),(4,5))	407	24
((1,(4,5)),(2,3))	(((1,2),3),(4,5))	408	15
((1,(4,5)),(2,3))	(((1,2),3),(4,5))	409	14
((1,(4,5)),(2,3))	(((1,2),3),(4,5))	410	17
((1,(4,5)),(2,3))	(((1,2),3),(4,5))	411	21
((1,(4,5)),(2,3))	(((1,2),3),(4,5))	412	15
((1,(4,5)),(2,3))	(((1,2),3),(4,5))	413	22
((1,(4,5)),(2,3))	(((1,2),3),(4,5))	414	16
((1,(4,5)),(2,3))	(((1,2),3),(4,5))	415	10
((1,(4,5)),(2,3))	(((1,2),3),(4,5))	416	17
((1,(4,5)),(2,3))	(((1,2),3),(4,5))	417	16
((1,(4,5)),(2,3))	(((1,2),3),(4,5))	418	10
((1,(4,5)),(2,3))	(((1,2),3),(4,5))	419	14
((1,(4,5)),(2,3))	(((1,2),3),(4,5))	420	14
((1,(4,5)),(2,3))	(((1,2),3),(4,5))	421	21
((1,(4,5)),(2,3))	(((1,2),3),(4,5))	422	16
((1,(4,5)),(2,3))	(((1,2),3),(4,5))	423	17
((1,(4,5)),(2,3))	(((1,2),3),(4,5))	424	20
((1,(4,5)),(2,3))	(((1,2),3),(4,5))	425	14
((1,(4,5)),(2,3))	(((1,2),3),(4,5))	426	17
((1,(4,5)),(2,3))	(((1,2),3),(4,5))	427	13
((1,(4,5)),(2,3))	(((1,2),3),(4,5))	428	12
((1,(4,5)),(2,3))	(((1,2),3),(4,5))	429	7
((1,(4,5)),(2,3))	(((1,2),3),(4,5))	430	11
((1,(4,5)),(2,3))	(((1,2),3),(4,5))	431	12
((1,(4,5)),(2,3))	(((1,2),3),(4,5))	432	10
((1,(4,5)),(2,3))	(((1,2),3),(4,5))	433	6
((1,(4,5)),(2,3))	(((1,2),3),(4,5))	434	11
((1,(4,5)),(2,3))	(((1,2),3),(4,5))	435	5
((1,(4,5)),(2,3))	(((1,2),3),(4,5))	436	10
((1,(4,5)),(2,3))	(((1,2),3),(4,5))	437	10
((1,(4,5)),(2,3))	(((1,2),3),(4,5))	438	7
((1,(4,5)),(2,3))	(((1,2),3),(4,5))	439	10
((1,(4,5)),(2,3))	(((1,2),3),(4,5))	440	7
((1,(4,5)),(2,3))	(((1,2),3),(4,5))	441	3
((1,(4,5)),(2,3))	(((1,2),3),(4,5))	442	9
((1,(4,5)),(2,3))	(((1,2),3),(4,5))	443	7
((1,(4,5)),(2,3))	(((1,2),3),(4,5))	444	11
((1,(4,5)),(2,3))	(((1,2),3),(4,5))	445	10
((1,(4,5)),(2,3))	(((1,2),3),(4,5))	446	10
((1,(4,5)),(2,3))	(((1,2),3),(4,5))	447	11
((1,(4,5)),(2,3))	(((1,2),3),(4,5))	448	3
((1,(4,5)),(2,3))	(((1,2),3),(4,5))	449	5
((1,(4,5)),(2,3))	(((1,2),3),(4,5))	450	7
((1,(4,5)),(2,3))	(((1,2),3),(4,5))	451	11
((1,(4,5)),(2,3))	(((1,2),3),(4,5))	452	5
((1,(4,5)),(2,3))	(((1,2),3),(4,5))	453	9
((1,(4,5)),(2,3))	(((1,2),3),(4,5))	454	7
((1,(4,5)),(2,3))	(((1,2),3),(4,5))	455	5
((1,(4,5)),(2,3))	(((1,2),3),(4,5))	456	5
((1,(4,5)),(2,3))	(((1,2),3),(4,5))	457	6
((1,(4,5)),(2,3))	(((1,2),3),(4,5))	458	4
((1,(4,5)),(2,3))	(((1,2),3),(4,5))	459	8
((1,(4,5)),(2,3))	(((1,2),3),(4,5))	460	3
((1,(4,5)),(2,3))	(((1,2),3),(4,5))	461	9
((1,(4,5)),(2,3))	(((1,2),3),(4,5))	462	9
((1,(4,5)),(2,3))	(((1,2),3),(4,5))	463	6
((1,(4,5)),(2,3))	(((1,2),3),(4,5))	464	3
((1,(4,5)),(2,3))	(((1,2),3),(4,5))	465	4
((1,(4,5)),(2,3))	(((1,2),3),(4,5))	466	11
((1,(4,5)),(2,3))	(((1,2),3),(4,5))	467	7
((1,(4,5)),(2,3))	(((1,2),3),(4,5))	468	10
((1,(4,5)),(2,3))	(((1,2),3),(4,5))	469	3
((1,(4,5)),(2,3))	(((1,2),3),(4,5))	470	4
((1,(4,5)),(2,3))	(((1,2),3),(4,5))	471	7
((1,(4,5)),(2,3))	(((1,2),3),(4,5))	472	4
((1,(4,5)),(2,3))	(((1,2),3),(4,5))	473	5
((1,(4,5)),(2,3))	(((1,2),3),(4,5))	474	3
((1,(4,5)),(2,3))	(((1,2),3),(4,5))	475	9
((1,(4,5)),(2,3))	(((1,2),3),(4,5))	476	7
((1,(4,5)),(2,3))	(((1,2),3),(4,5))	477	6
((1,(4,5)),(2,3))	(((1,2),3),(4,5))	478	4
((1,(4,5)),(2,3))	(((1,2),3),(4,5))	479	5
((1,(4,5)),(2,3))	(((1,2),3),(4,5))	480	6
((1,(4,5)),(2,3))	(((1,2),3),(4,5))	481	1
((1,(4,5)),(2,3))	(((1,2),3),(4,5))	482	5
((1,(4,5)),(2,3))	(((1,2),3),(4,5))	483	8
((1,(4,5)),(2,3))	(((1,2),3),(4,5))	484	6
((1,(4,5)),(2,3))	(((1,2),3),(4,5))	485	9
((1,(4,5)),(2,3))	(((1,2),3),(4,5))	486	8
((1,(4,5)),(2,3))	(((1,2),3),(4,5))	487	4
((1,(4,5)),(2,3))	(((1,2),3),(4,5))	488	6
((1,(4,5)),(2,3))	(((1,2),3),(4,5))	489	2
((1,(4,5)),(2,3))	(((1,2),3),(4,5))	490	2
((1,(4,5)),(2,3))	(((1,2),3),(4,5))	491	5
((1,(4,5)),(2,3))	(((1,2),3),(4,5))	492	4
((1,(4,5)),(2,3))	(((1,2),3),(4,5))	493	3
((1,(4,5)),(2,3))	(((1,2),3),(4,5))	494	5
((1,(4,5)),(2,3))	(((1,2),3),(4,5))	495	1
((1,(4,5)),(2,3))	(((1,2),3),(4,5))	496	2
((1,(4,5)),(2,3))	(((1,2),3),(4,5))	497	3
((1,(4,5)),(2,3))	(((1,2),3),(4,5))	498	6
((1,(4,5)),(2,3))	(((1,2),3),(4,5))	499	3
((1,(4,5)),(2,3))	(((1,2),3),(4,5))	500	4
((1,(4,5)),(2,3))	(((1,2),3),(4,5))	501	2
((1,(4,5)),(2,3))	(((1,2),3),(4,5))	502	2
((1,(4,5)),(2,3))	(((1,2),3),(4,5))	503	1
((1,(4,5)),(2,3))	(((1,2),3),(4,5))	504	2
((1,(4,5)),(2,3))	(((1,2),3),(4,5))	505	3
((1,(4,5)),(2,3))	(((1,2),3),(4,5))	506	1
((1,(4,5)),(2,3))	(((1,2),3),(4,5))	507	3
((1,(4,5)),(2,3))	(((1,2),3),(4,5))	508	1
((1,(4,5)),(2,3))	(((1,2),3),(4,5))	509	2
((1,(4,5)),(2,3))	(((1,2),3),(4,5))	510	2
((1,(4,5)),(2,3))	(((1,2),3),(4,5))	511	3
((1,(4,5)),(2,3))	(((1,2),3),(4,5))	512	3
((1,(4,5)),(2,3))	(((1,2),3),(4,5))	513	1
((1,(4,5)),(2,3))	(((1,2),3),(4,5))	514	5
((1,(4,5)),(2,3))	(((1,2),3),(4,5))	515	4
((1,(4,5)),(2,3))	(((1,2),3),(4,5))	516	3
((1,(4,5)),(2,3))	(((1,2),3),(4,5))	517	1
((1,(4,5)),(2,3))	(((1,2),3),(4,5))	518	3
((1,(4,5)),(2,3))	(((1,2),3),(4,5))	519	6
((1,(4,5)),(2,3))	(((1,2),3),(4,5))	520	2
((1,(4,5)),(2,3))	(((1,2),3),(4,5))	521	1
((1,(4,5)),(2,3))	(((1,2),3),(4,5))	522	1
((1,(4,5)),(2,3))	(((1,2),3),(4,5))	523	3
((1,(4,5)),(2,3))	(((1,2),3),(4,5))	524	3
((1,(4,5)),(2,3))	(((1,2),3),(4,5))	525	2
((1,(4,5)),(2,3))	(((1,2),3),(4,5))	526	1
((1,(4,5)),(2,3))	(((1,2),3),(4,5))	527	2
((1,(4,5)),(2,3))	(((1,2),3),(4,5))	528	2
((1,(4,5)),(2,3))	(((1,2),3),(4,5))	531	2
((1,(4,5)),(2,3))	(((1,2),3),(4,5))	532	1
((1,(4,5)),(2,3))	(((1,2),3),(4,5))	533	4
((1,(4,5)),(2,3))	(((1,2),3),(4,5))	534	1
((1,(4,5)),(2,3))	(((1,2),3),(4,5))	535	2
((1,(4,5)),(2,3))	(((1,2),3),(4,5))	536	1
((1,(4,5)),(2,3))	(((1,2),3),(4,5))	537	1
((1,(4,5)),(2,3))	(((1,2),3),(4,5))	538	2
((1,(4,5)),(2,3))	(((1,2),3),(4,5))	540	3
((1,(4,5)),(2,3))	(((1,2),3),(4,5))	542	3
((1,(4,5)),(2,3))	(((1,2),3),(4,5))	545	2
((1,(4,5)),(2,3))	(((1,2),3),(4,5))	546	5
((1,(4,5)),(2,3))	(((1,2),3),(4,5))	547	3
((1,(4,5)),(2,3))	(((1,2),3),(4,5))	549	2
((1,(4,5)),(2,3))	(((1,2),3),(4,5))	550	1
((1,(4,5)),(2,3))	(((1,2),3),(4,5))	553	3
((1,(4,5)),(2,3))	(((1,2),3),(4,5))	554	4
((1,(4,5)),(2,3))	(((1,2),3),(4,5))	555	1
((1,(4,5)),(2,3))	(((1,2),3),(4,5))	556	3
((1,(4,5)),(2,3))	(((1,2),3),(4,5))	557	4
((1,(4,5)),(2,3))	(((1,2),3),(4,5))	561	2
((1,(4,5)),(2,3))	(((1,2),3),(4,5))	564	1
((1,(4,5)),(2,3))	(((1,2),3),(4,5))	565	2
((1,(4,5)),(2,3))	(((1,2),3),(4,5))	566	1
((1,(4,5)),(2,3))	(((1,2),3),(4,5))	567	1
((1,(4,5)),(2,3))	(((1,2),3),(4,5))	570	3
((1,(4,5)),(2,3))	(((1,2),3),(4,5))	575	1
((1,(4,5)),(2,3))	(((1,2),3),(4,5))	576	2
((1,(4,5)),(2,3))	(((1,2),3),(4,5))	577	3
((1,(4,5)),(2,3))	(((1,2),3),(4,5))	578	3
((1,(4,5)),(2,3))	(((1,2),3),(4,5))	581	1
((1,(4,5)),(2,3))	(((1,2),3),(4,5))	582	2
((1,(4,5)),(2,3))	(((1,2),3),(4,5))	583	1
((1,(4,5)),(2,3))	(((1,2),3),(4,5))	585	2
((1,(4,5)),(2,3))	(((1,2),3),(4,5))	587	1
((1,(4,5)),(2,3))	(((1,2),3),(4,5))	591	1
((1,(4,5)),(2,3))	(((1,2),3),(4,5))	592	1
((1,(4,5)),(2,3))	(((1,2),3),(4,5))	595	1
((1,(4,5)),(2,3))	(((1,2),3),(4,5))	597	4
((1,(4,5)),(2,3))	(((1,2),3),(4,5))	600	1
((1,(4,5)),(2,3))	(((1,2),3),(4,5))	606	1
((1,(4,5)),(2,3))	(((1,2),3),(4,5))	608	2
((1,(4,5)),(2,3))	(((1,2),3),(4,5))	609	1
((1,(4,5)),(2,3))	(((1,2),3),(4,5))	610	1
((1,(4,5)),(2,3))	(((1,2),3),(4,5))	615	1
((1,(4,5)),(2,3))	(((1,2),3),(4,5))	617	1
((1,(4,5)),(2,3))	(((1,2),3),(4,5))	621	1
((1,(4,5)),(2,3))	(((1,2),3),(4,5))	628	1
((1,(4,5)),(2,3))	(((1,2),3),(4,5))	635	1
((1,(4,5)),(2,3))	(((1,2),3),(4,5))	637	2
((1,(4,5)),(2,3))	(((1,2),3),(4,5))	642	2
((1,(4,5)),(2,3))	(((1,2),3),(4,5))	645	1
((1,(4,5)),(2,3))	(((1,2),3),(4,5))	647	1
((1,(4,5)),(2,3))	(((1,2),3),(4,5))	650	1
((1,(4,5)),(2,3))	(((1,2),3),(4,5))	651	1
((1,(4,5)),(2,3))	(((1,2),3),(4,5))	652	1
((1,(4,5)),(2,3))	(((1,2),3),(4,5))	655	1
((1,(4,5)),(2,3))	(((1,2),3),(4,5))	656	2
((1,(4,5)),(2,3))	(((1,2),3),(4,5))	661	1
((1,(4,5)),(2,3))	(((1,2),3),(4,5))	672	1
((1,(4,5)),(2,3))	(((1,2),3),(4,5))	686	1
((1,(4,5)),(2,3))	(((1,2),3),(4,5))	697	1
((1,(4,5)),(2,3))	(((1,2),3),(4,5))	719	1
((1,(4,5)),(2,3))	(((1,2),3),(4,5))	726	1
((1,(4,5)),(2,3))	(((1,2),3),(4,5))	745	1
((1,(4,5)),(2,3))	(((1,2),3),(4,5))	752	1
((1,(4,5)),(2,3))	((1,(4,5)),(2,3))	2	15356
((1,(4,5)),(2,3))	((1,(4,5)),(2,3))	3	21622
((1,(4,5)),(2,3))	((1,(4,5)),(2,3))	4	24042
((1,(4,5)),(2,3))	((1,(4,5)),(2,3))	5	24239
((1,(4,5)),(2,3))	((1,(4,5)),(2,3))	6	24352
((1,(4,5)),(2,3))	((1,(4,5)),(2,3))	7	23184
((1,(4,5)),(2,3))	((1,(4,5)),(2,3))	8	22737
((1,(4,5)),(2,3))	((1,(4,5)),(2,3))	9	21494
((1,(4,5)),(2,3))	((1,(4,5)),(2,3))	10	20702
((1,(4,5)),(2,3))	((1,(4,5)),(2,3))	11	19897
((1,(4,5)),(2,3))	((1,(4,5)),(2,3))	12	19145
((1,(4,5)),(2,3))	((1,(4,5)),(2,3))	13	18191
((1,(4,5)),(2,3))	((1,(4,5)),(2,3))	14	17701
((1,(4,5)),(2,3))	((1,(4,5)),(2,3))	15	17097
((1,(4,5)),(2,3))	((1,(4,5)),(2,3))	16	16283
((1,(4,5)),(2,3))	((1,(4,5)),(2,3))	17	15792
((1,(4,5)),(2,3))	((1,(4,5)),(2,3))	18	15052
((1,(4,5)),(2,3))	((1,(4,5)),(2,3))	19	14789
((1,(4,5)),(2,3))	((1,(4,5)),(2,3))	20	14033
((1,(4,5)),(2,3))	((1,(4,5)),(2,3))	21	13691
((1,(4,5)),(2,3))	((1,(4,5)),(2,3))	22	13163
((1,(4,5)),(2,3))	((1,(4,5)),(2,3))	23	12796
((1,(4,5)),(2,3))	((1,(4,5)),(2,3))	24	12280
((1,(4,5)),(2,3))	((1,(4,5)),(2,3))	25	11908
((1,(4,5)),(2,3))	((1,(4,5)),(2,3))	26	11531
((1,(4,5)),(2,3))	((1,(4,5)),(2,3))	27	11193
((1,(4,5)),(2,3))	((1,(4,5)),(2,3))	28	10810
((1,(4,5)),(2,3))	((1,(4,5)),(2,3))	29	10717
((1,(4,5)),(2,3))	((1,(4,5)),(2,3))	30	10270
((1,(4,5)),(2,3))	((1,(4,5)),(2,3))	31	9764
((1,(4,5)),(2,3))	((1,(4,5)),(2,3))	32	9606
((1,(4,5)),(2,3))	((1,(4,5)),(2,3))	33	9358
((1,(4,5)),(2,3))	((1,(4,5)),(2,3))	34	9032
((1,(4,5)),(2,3))	((1,(4,5)),(2,3))	35	8901
((1,(4,5)),(2,3))	((1,(4,5)),(2,3))	36	8546
((1,(4,5)),(2,3))	((1,(4,5)),(2,3))	37	8444
((1,(4,5)),(2,3))	((1,(4,5)),(2,3))	38	8200
((1,(4,5)),(2,3))	((1,(4,5)),(2,3))	39	7924
((1,(4,5)),(2,3))	((1,(4,5)),(2,3))	40	7928
((1,(4,5)),(2,3))	((1,(4,5)),(2,3))	41	7590
((1,(4,5)),(2,3))	((1,(4,5)),(2,3))	42	7404
((1,(4,5)),(2,3))	((1,(4,5)),(2,3))	43	7196
((1,(4,5)),(2,3))	((1,(4,5)),(2,3))	44	7095
((1,(4,5)),(2,3))	((1,(4,5)),(2,3))	45	6785
((1,(4,5)),(2,3))	((1,(4,5)),(2,3))	46	6696
((1,(4,5)),(2,3))	((1,(4,5)),(2,3))	47	6475
((1,(4,5)),(2,3))	((1,(4,5)),(2,3))	48	6279
((1,(4,5)),(2,3))	((1,(4,5)),(2,3))	49	6335
((1,(4,5)),(2,3))	((1,(4,5)),(2,3))	50	6090
((1,(4,5)),(2,3))	((1,(4,5)),(2,3))	51	5958
((1,(4,5)),(2,3))	((1,(4,5)),(2,3))	52	6011
((1,(4,5)),(2,3))	((1,(4,5)),(2,3))	53	5775
((1,(4,5)),(2,3))	((1,(4,5)),(2,3))	54	5721
((1,(4,5)),(2,3))	((1,(4,5)),(2,3))	55	5412
((1,(4,5)),(2,3))	((1,(4,5)),(2,3))	56	5381
((1,(4,5)),(2,3))	((1,(4,5)),(2,3))	57	5320
((1,(4,5)),(2,3))	((1,(4,5)),(2,3))	58	5122
((1,(4,5)),(2,3))	((1,(4,5)),(2,3))	59	5050
((1,(4,5)),(2,3))	((1,(4,5)),(2,3))	60	4962
((1,(4,5)),(2,3))	((1,(4,5)),(2,3))	61	4930
((1,(4,5)),(2,3))	((1,(4,5)),(2,3))	62	4746
((1,(4,5)),(2,3))	((1,(4,5)),(2,3))	63	4642
((1,(4,5)),(2,3))	((1,(4,5)),(2,3))	64	4601
((1,(4,5)),(2,3))	((1,(4,5)),(2,3))	65	4424
((1,(4,5)),(2,3))	((1,(4,5)),(2,3))	66	4431
((1,(4,5)),(2,3))	((1,(4,5)),(2,3))	67	4349
((1,(4,5)),(2,3))	((1,(4,5)),(2,3))	68	4227
((1,(4,5)),(2,3))	((1,(4,5)),(2,3))	69	4088
((1,(4,5)),(2,3))	((1,(4,5)),(2,3))	70	4100
((1,(4,5)),(2,3))	((1,(4,5)),(2,3))	71	3921
((1,(4,5)),(2,3))	((1,(4,5)),(2,3))	72	3951
((1,(4,5)),(2,3))	((1,(4,5)),(2,3))	73	3922
((1,(4,5)),(2,3))	((1,(4,5)),(2,3))	74	3755
((1,(4,5)),(2,3))	((1,(4,5)),(2,3))	75	3833
((1,(4,5)),(2,3))	((1,(4,5)),(2,3))	76	3695
((1,(4,5)),(2,3))	((1,(4,5)),(2,3))	77	3520
((1,(4,5)),(2,3))	((1,(4,5)),(2,3))	78	3466
((1,(4,5)),(2,3))	((1,(4,5)),(2,3))	79	3430
((1,(4,5)),(2,3))	((1,(4,5)),(2,3))	80	3316
((1,(4,5)),(2,3))	((1,(4,5)),(2,3))	81	3345
((1,(4,5)),(2,3))	((1,(4,5)),(2,3))	82	3319
((1,(4,5)),(2,3))	((1,(4,5)),(2,3))	83	3149
((1,(4,5)),(2,3))	((1,(4,5)),(2,3))	84	3109
((1,(4,5)),(2,3))	((1,(4,5)),(2,3))	85	3051
((1,(4,5)),(2,3))	((1,(4,5)),(2,3))	86	3030
((1,(4,5)),(2,3))	((1,(4,5)),(2,3))	87	2980
((1,(4,5)),(2,3))	((1,(4,5)),(2,3))	88	2869
((1,(4,5)),(2,3))	((1,(4,5)),(2,3))	89	2923
((1,(4,5)),(2,3))	((1,(4,5)),(2,3))	90	2850
((1,(4,5)),(2,3))	((1,(4,5)),(2,3))	91	2842
((1,(4,5)),(2,3))	((1,(4,5)),(2,3))	92	2715
((1,(4,5)),(2,3))	((1,(4,5)),(2,3))	93	2736
((1,(4,5)),(2,3))	((1,(4,5)),(2,3))	94	2587
((1,(4,5)),(2,3))	((1,(4,5)),(2,3))	95	2545
((1,(4,5)),(2,3))	((1,(4,5)),(2,3))	96	2440
((1,(4,5)),(2,3))	((1,(4,5)),(2,3))	97	2521
((1,(4,5)),(2,3))	((1,(4,5)),(2,3))	98	2605
((1,(4,5)),(2,3))	((1,(4,5)),(2,3))	99	2490
((1,(4,5)),(2,3))	((1,(4,5)),(2,3))	100	2360
((1,(4,5)),(2,3))	((1,(4,5)),(2,3))	101	2400
((1,(4,5)),(2,3))	((1,(4,5)),(2,3))	102	2286
((1,(4,5)),(2,3))	((1,(4,5)),(2,3))	103	2194
((1,(4,5)),(2,3))	((1,(4,5)),(2,3))	104	2329
((1,(4,5)),(2,3))	((1,(4,5)),(2,3))	105	2211
((1,(4,5)),(2,3))	((1,(4,5)),(2,3))	106	2132
((1,(4,5)),(2,3))	((1,(4,5)),(2,3))	107	2186
((1,(4,5)),(2,3))	((1,(4,5)),(2,3))	108	2173
((1,(4,5)),(2,3))	((1,(4,5)),(2,3))	109	2055
((1,(4,5)),(2,3))	((1,(4,5)),(2,3))	110	2025
((1,(4,5)),(2,3))	((1,(4,5)),(2,3))	111	2011
((1,(4,5)),(2,3))	((1,(4,5)),(2,3))	112	2003
((1,(4,5)),(2,3))	((1,(4,5)),(2,3))	113	1908
((1,(4,5)),(2,3))	((1,(4,5)),(2,3))	114	1947
((1,(4,5)),(2,3))	((1,(4,5)),(2,3))	115	1941
((1,(4,5)),(2,3))	((1,(4,5)),(2,3))	116	1742
((1,(4,5)),(2,3))	((1,(4,5)),(2,3))	117	1807
((1,(4,5)),(2,3))	((1,(4,5)),(2,3))	118	1793
((1,(4,5)),(2,3))	((1,(4,5)),(2,3))	119	1829
((1,(4,5)),(2,3))	((1,(4,5)),(2,3))	120	1672
((1,(4,5)),(2,3))	((1,(4,5)),(2,3))	121	1680
((1,(4,5)),(2,3))	((1,(4,5)),(2,3))	122	1723
((1,(4,5)),(2,3))	((1,(4,5)),(2,3))	123	1628
((1,(4,5)),(2,3))	((1,(4,5)),(2,3))	124	1680
((1,(4,5)),(2,3))	((1,(4,5)),(2,3))	125	1628
((1,(4,5)),(2,3))	((1,(4,5)),(2,3))	126	1643
((1,(4,5)),(2,3))	((1,(4,5)),(2,3))	127	1555
((1,(4,5)),(2,3))	((1,(4,5)),(2,3))	128	1573
((1,(4,5)),(2,3))	((1,(4,5)),(2,3))	129	1479
((1,(4,5)),(2,3))	((1,(4,5)),(2,3))	130	1505
((1,(4,5)),(2,3))	((1,(4,5)),(2,3))	131	1419
((1,(4,5)),(2,3))	((1,(4,5)),(2,3))	132	1342
((1,(4,5)),(2,3))	((1,(4,5)),(2,3))	133	1347
((1,(4,5)),(2,3))	((1,(4,5)),(2,3))	134	1356
((1,(4,5)),(2,3))	((1,(4,5)),(2,3))	135	1273
((1,(4,5)),(2,3))	((1,(4,5)),(2,3))	136	1334
((1,(4,5)),(2,3))	((1,(4,5)),(2,3))	137	1314
((1,(4,5)),(2,3))	((1,(4,5)),(2,3))	138	1280
((1,(4,5)),(2,3))	((1,(4,5)),(2,3))	139	1223
((1,(4,5)),(2,3))	((1,(4,5)),(2,3))	140	1223
((1,(4,5)),(2,3))	((1,(4,5)),(2,3))	141	1236
((1,(4,5)),(2,3))	((1,(4,5)),(2,3))	142	1255
((1,(4,5)),(2,3))	((1,(4,5)),(2,3))	143	1196
((1,(4,5)),(2,3))	((1,(4,5)),(2,3))	144	1088
((1,(4,5)),(2,3))	((1,(4,5)),(2,3))	145	1132
((1,(4,5)),(2,3))	((1,(4,5)),(2,3))	146	1154
((1,(4,5)),(2,3))	((1,(4,5)),(2,3))	147	1063
((1,(4,5)),(2,3))	((1,(4,5)),(2,3))	148	1036
((1,(4,5)),(2,3))	((1,(4,5)),(2,3))	149	1066
((1,(4,5)),(2,3))	((1,(4,5)),(2,3))	150	1050
((1,(4,5)),(2,3))	((1,(4,5)),(2,3))	151	1093
((1,(4,5)),(2,3))	((1,(4,5)),(2,3))	152	1002
((1,(4,5)),(2,3))	((1,(4,5)),(2,3))	153	980
((1,(4,5)),(2,3))	((1,(4,5)),(2,3))	154	930
((1,(4,5)),(2,3))	((1,(4,5)),(2,3))	155	1018
((1,(4,5)),(2,3))	((1,(4,5)),(2,3))	156	922
((1,(4,5)),(2,3))	((1,(4,5)),(2,3))	157	965
((1,(4,5)),(2,3))	((1,(4,5)),(2,3))	158	923
((1,(4,5)),(2,3))	((1,(4,5)),(2,3))	159	922
((1,(4,5)),(2,3))	((1,(4,5)),(2,3))	160	837
((1,(4,5)),(2,3))	((1,(4,5)),(2,3))	161	882
((1,(4,5)),(2,3))	((1,(4,5)),(2,3))	162	870
((1,(4,5)),(2,3))	((1,(4,5)),(2,3))	163	889
((1,(4,5)),(2,3))	((1,(4,5)),(2,3))	164	821
((1,(4,5)),(2,3))	((1,(4,5)),(2,3))	165	819
((1,(4,5)),(2,3))	((1,(4,5)),(2,3))	166	768
((1,(4,5)),(2,3))	((1,(4,5)),(2,3))	167	777
((1,(4,5)),(2,3))	((1,(4,5)),(2,3))	168	780
((1,(4,5)),(2,3))	((1,(4,5)),(2,3))	169	795
((1,(4,5)),(2,3))	((1,(4,5)),(2,3))	170	759
((1,(4,5)),(2,3))	((1,(4,5)),(2,3))	171	743
((1,(4,5)),(2,3))	((1,(4,5)),(2,3))	172	752
((1,(4,5)),(2,3))	((1,(4,5)),(2,3))	173	720
((1,(4,5)),(2,3))	((1,(4,5)),(2,3))	174	733
((1,(4,5)),(2,3))	((1,(4,5)),(2,3))	175	659
((1,(4,5)),(2,3))	((1,(4,5)),(2,3))	176	684
((1,(4,5)),(2,3))	((1,(4,5)),(2,3))	177	679
((1,(4,5)),(2,3))	((1,(4,5)),(2,3))	178	674
((1,(4,5)),(2,3))	((1,(4,5)),(2,3))	179	657
((1,(4,5)),(2,3))	((1,(4,5)),(2,3))	180	644
((1,(4,5)),(2,3))	((1,(4,5)),(2,3))	181	630
((1,(4,5)),(2,3))	((1,(4,5)),(2,3))	182	635
((1,(4,5)),(2,3))	((1,(4,5)),(2,3))	183	607
((1,(4,5)),(2,3))	((1,(4,5)),(2,3))	184	592
((1,(4,5)),(2,3))	((1,(4,5)),(2,3))	185	583
((1,(4,5)),(2,3))	((1,(4,5)),(2,3))	186	588
((1,(4,5)),(2,3))	((1,(4,5)),(2,3))	187	576
((1,(4,5)),(2,3))	((1,(4,5)),(2,3))	188	500
((1,(4,5)),(2,3))	((1,(4,5)),(2,3))	189	588
((1,(4,5)),(2,3))	((1,(4,5)),(2,3))	190	570
((1,(4,5)),(2,3))	((1,(4,5)),(2,3))	191	539
((1,(4,5)),(2,3))	((1,(4,5)),(2,3))	192	565
((1,(4,5)),(2,3))	((1,(4,5)),(2,3))	193	500
((1,(4,5)),(2,3))	((1,(4,5)),(2,3))	194	528
((1,(4,5)),(2,3))	((1,(4,5)),(2,3))	195	518
((1,(4,5)),(2,3))	((1,(4,5)),(2,3))	196	492
((1,(4,5)),(2,3))	((1,(4,5)),(2,3))	197	483
((1,(4,5)),(2,3))	((1,(4,5)),(2,3))	198	435
((1,(4,5)),(2,3))	((1,(4,5)),(2,3))	199	465
((1,(4,5)),(2,3))	((1,(4,5)),(2,3))	200	459
((1,(4,5)),(2,3))	((1,(4,5)),(2,3))	201	471
((1,(4,5)),(2,3))	((1,(4,5)),(2,3))	202	487
((1,(4,5)),(2,3))	((1,(4,5)),(2,3))	203	442
((1,(4,5)),(2,3))	((1,(4,5)),(2,3))	204	452
((1,(4,5)),(2,3))	((1,(4,5)),(2,3))	205	411
((1,(4,5)),(2,3))	((1,(4,5)),(2,3))	206	423
((1,(4,5)),(2,3))	((1,(4,5)),(2,3))	207	395
((1,(4,5)),(2,3))	((1,(4,5)),(2,3))	208	400
((1,(4,5)),(2,3))	((1,(4,5)),(2,3))	209	408
((1,(4,5)),(2,3))	((1,(4,5)),(2,3))	210	398
((1,(4,5)),(2,3))	((1,(4,5)),(2,3))	211	425
((1,(4,5)),(2,3))	((1,(4,5)),(2,3))	212	389
((1,(4,5)),(2,3))	((1,(4,5)),(2,3))	213	359
((1,(4,5)),(2,3))	((1,(4,5)),(2,3))	214	356
((1,(4,5)),(2,3))	((1,(4,5)),(2,3))	215	361
((1,(4,5)),(2,3))	((1,(4,5)),(2,3))	216	335
((1,(4,5)),(2,3))	((1,(4,5)),(2,3))	217	340
((1,(4,5)),(2,3))	((1,(4,5)),(2,3))	218	342
((1,(4,5)),(2,3))	((1,(4,5)),(2,3))	219	337
((1,(4,5)),(2,3))	((1,(4,5)),(2,3))	220	318
((1,(4,5)),(2,3))	((1,(4,5)),(2,3))	221	352
((1,(4,5)),(2,3))	((1,(4,5)),(2,3))	222	308
((1,(4,5)),(2,3))	((1,(4,5)),(2,3))	223	309
((1,(4,5)),(2,3))	((1,(4,5)),(2,3))	224	318
((1,(4,5)),(2,3))	((1,(4,5)),(2,3))	225	308
((1,(4,5)),(2,3))	((1,(4,5)),(2,3))	226	309
((1,(4,5)),(2,3))	((1,(4,5)),(2,3))	227	274
((1,(4,5)),(2,3))	((1,(4,5)),(2,3))	228	278
((1,(4,5)),(2,3))	((1,(4,5)),(2,3))	229	299
((1,(4,5)),(2,3))	((1,(4,5)),(2,3))	230	285
((1,(4,5)),(2,3))	((1,(4,5)),(2,3))	231	284
((1,(4,5)),(2,3))	((1,(4,5)),(2,3))	232	284
((1,(4,5)),(2,3))	((1,(4,5)),(2,3))	233	264
((1,(4,5)),(2,3))	((1,(4,5)),(2,3))	234	264
((1,(4,5)),(2,3))	((1,(4,5)),(2,3))	235	279
((1,(4,5)),(2,3))	((1,(4,5)),(2,3))	236	259
((1,(4,5)),(2,3))	((1,(4,5)),(2,3))	237	259
((1,(4,5)),(2,3))	((1,(4,5)),(2,3))	238	216
((1,(4,5)),(2,3))	((1,(4,5)),(2,3))	239	218
((1,(4,5)),(2,3))	((1,(4,5)),(2,3))	240	237
((1,(4,5)),(2,3))	((1,(4,5)),(2,3))	241	215
((1,(4,5)),(2,3))	((1,(4,5)),(2,3))	242	205
((1,(4,5)),(2,3))	((1,(4,5)),(2,3))	243	204
((1,(4,5)),(2,3))	((1,(4,5)),(2,3))	244	218
((1,(4,5)),(2,3))	((1,(4,5)),(2,3))	245	207
((1,(4,5)),(2,3))	((1,(4,5)),(2,3))	246	209
((1,(4,5)),(2,3))	((1,(4,5)),(2,3))	247	217
((1,(4,5)),(2,3))	((1,(4,5)),(2,3))	248	207
((1,(4,5)),(2,3))	((1,(4,5)),(2,3))	249	197
((1,(4,5)),(2,3))	((1,(4,5)),(2,3))	250	205
((1,(4,5)),(2,3))	((1,(4,5)),(2,3))	251	230
((1,(4,5)),(2,3))	((1,(4,5)),(2,3))	252	213
((1,(4,5)),(2,3))	((1,(4,5)),(2,3))	253	211
((1,(4,5)),(2,3))	((1,(4,5)),(2,3))	254	184
((1,(4,5)),(2,3))	((1,(4,5)),(2,3))	255	177
((1,(4,5)),(2,3))	((1,(4,5)),(2,3))	256	191
((1,(4,5)),(2,3))	((1,(4,5)),(2,3))	257	154
((1,(4,5)),(2,3))	((1,(4,5)),(2,3))	258	161
((1,(4,5)),(2,3))	((1,(4,5)),(2,3))	259	161
((1,(4,5)),(2,3))	((1,(4,5)),(2,3))	260	192
((1,(4,5)),(2,3))	((1,(4,5)),(2,3))	261	175
((1,(4,5)),(2,3))	((1,(4,5)),(2,3))	262	168
((1,(4,5)),(2,3))	((1,(4,5)),(2,3))	263	172
((1,(4,5)),(2,3))	((1,(4,5)),(2,3))	264	159
((1,(4,5)),(2,3))	((1,(4,5)),(2,3))	265	137
((1,(4,5)),(2,3))	((1,(4,5)),(2,3))	266	171
((1,(4,5)),(2,3))	((1,(4,5)),(2,3))	267	157
((1,(4,5)),(2,3))	((1,(4,5)),(2,3))	268	141
((1,(4,5)),(2,3))	((1,(4,5)),(2,3))	269	143
((1,(4,5)),(2,3))	((1,(4,5)),(2,3))	270	156
((1,(4,5)),(2,3))	((1,(4,5)),(2,3))	271	151
((1,(4,5)),(2,3))	((1,(4,5)),(2,3))	272	120
((1,(4,5)),(2,3))	((1,(4,5)),(2,3))	273	135
((1,(4,5)),(2,3))	((1,(4,5)),(2,3))	274	150
((1,(4,5)),(2,3))	((1,(4,5)),(2,3))	275	119
((1,(4,5)),(2,3))	((1,(4,5)),(2,3))	276	140
((1,(4,5)),(2,3))	((1,(4,5)),(2,3))	277	149
((1,(4,5)),(2,3))	((1,(4,5)),(2,3))	278	121
((1,(4,5)),(2,3))	((1,(4,5)),(2,3))	279	129
((1,(4,5)),(2,3))	((1,(4,5)),(2,3))	280	109
((1,(4,5)),(2,3))	((1,(4,5)),(2,3))	281	124
((1,(4,5)),(2,3))	((1,(4,5)),(2,3))	282	113
((1,(4,5)),(2,3))	((1,(4,5)),(2,3))	283	114
((1,(4,5)),(2,3))	((1,(4,5)),(2,3))	284	116
((1,(4,5)),(2,3))	((1,(4,5)),(2,3))	285	118
((1,(4,5)),(2,3))	((1,(4,5)),(2,3))	286	97
((1,(4,5)),(2,3))	((1,(4,5)),(2,3))	287	104
((1,(4,5)),(2,3))	((1,(4,5)),(2,3))	288	126
((1,(4,5)),(2,3))	((1,(4,5)),(2,3))	289	97
((1,(4,5)),(2,3))	((1,(4,5)),(2,3))	290	97
((1,(4,5)),(2,3))	((1,(4,5)),(2,3))	291	99
((1,(4,5)),(2,3))	((1,(4,5)),(2,3))	292	104
((1,(4,5)),(2,3))	((1,(4,5)),(2,3))	293	94
((1,(4,5)),(2,3))	((1,(4,5)),(2,3))	294	104
((1,(4,5)),(2,3))	((1,(4,5)),(2,3))	295	97
((1,(4,5)),(2,3))	((1,(4,5)),(2,3))	296	100
((1,(4,5)),(2,3))	((1,(4,5)),(2,3))	297	92
((1,(4,5)),(2,3))	((1,(4,5)),(2,3))	298	103
((1,(4,5)),(2,3))	((1,(4,5)),(2,3))	299	106
((1,(4,5)),(2,3))	((1,(4,5)),(2,3))	300	80
((1,(4,5)),(2,3))	((1,(4,5)),(2,3))	301	84
((1,(4,5)),(2,3))	((1,(4,5)),(2,3))	302	83
((1,(4,5)),(2,3))	((1,(4,5)),(2,3))	303	96
((1,(4,5)),(2,3))	((1,(4,5)),(2,3))	304	74
((1,(4,5)),(2,3))	((1,(4,5)),(2,3))	305	101
((1,(4,5)),(2,3))	((1,(4,5)),(2,3))	306	90
((1,(4,5)),(2,3))	((1,(4,5)),(2,3))	307	87
((1,(4,5)),(2,3))	((1,(4,5)),(2,3))	308	66
((1,(4,5)),(2,3))	((1,(4,5)),(2,3))	309	69
((1,(4,5)),(2,3))	((1,(4,5)),(2,3))	310	50
((1,(4,5)),(2,3))	((1,(4,5)),(2,3))	311	88
((1,(4,5)),(2,3))	((1,(4,5)),(2,3))	312	67
((1,(4,5)),(2,3))	((1,(4,5)),(2,3))	313	84
((1,(4,5)),(2,3))	((1,(4,5)),(2,3))	314	86
((1,(4,5)),(2,3))	((1,(4,5)),(2,3))	315	67
((1,(4,5)),(2,3))	((1,(4,5)),(2,3))	316	63
((1,(4,5)),(2,3))	((1,(4,5)),(2,3))	317	57
((1,(4,5)),(2,3))	((1,(4,5)),(2,3))	318	57
((1,(4,5)),(2,3))	((1,(4,5)),(2,3))	319	66
((1,(4,5)),(2,3))	((1,(4,5)),(2,3))	320	61
((1,(4,5)),(2,3))	((1,(4,5)),(2,3))	321	52
((1,(4,5)),(2,3))	((1,(4,5)),(2,3))	322	67
((1,(4,5)),(2,3))	((1,(4,5)),(2,3))	323	57
((1,(4,5)),(2,3))	((1,(4,5)),(2,3))	324	64
((1,(4,5)),(2,3))	((1,(4,5)),(2,3))	325	70
((1,(4,5)),(2,3))	((1,(4,5)),(2,3))	326	65
((1,(4,5)),(2,3))	((1,(4,5)),(2,3))	327	55
((1,(4,5)),(2,3))	((1,(4,5)),(2,3))	328	56
((1,(4,5)),(2,3))	((1,(4,5)),(2,3))	329	51
((1,(4,5)),(2,3))	((1,(4,5)),(2,3))	330	41
((1,(4,5)),(2,3))	((1,(4,5)),(2,3))	331	67
((1,(4,5)),(2,3))	((1,(4,5)),(2,3))	332	52
((1,(4,5)),(2,3))	((1,(4,5)),(2,3))	333	48
((1,(4,5)),(2,3))	((1,(4,5)),(2,3))	334	47
((1,(4,5)),(2,3))	((1,(4,5)),(2,3))	335	58
((1,(4,5)),(2,3))	((1,(4,5)),(2,3))	336	43
((1,(4,5)),(2,3))	((1,(4,5)),(2,3))	337	36
((1,(4,5)),(2,3))	((1,(4,5)),(2,3))	338	42
((1,(4,5)),(2,3))	((1,(4,5)),(2,3))	339	43
((1,(4,5)),(2,3))	((1,(4,5)),(2,3))	340	57
((1,(4,5)),(2,3))	((1,(4,5)),(2,3))	341	44
((1,(4,5)),(2,3))	((1,(4,5)),(2,3))	342	48
((1,(4,5)),(2,3))	((1,(4,5)),(2,3))	343	41
((1,(4,5)),(2,3))	((1,(4,5)),(2,3))	344	47
((1,(4,5)),(2,3))	((1,(4,5)),(2,3))	345	43
((1,(4,5)),(2,3))	((1,(4,5)),(2,3))	346	42
((1,(4,5)),(2,3))	((1,(4,5)),(2,3))	347	43
((1,(4,5)),(2,3))	((1,(4,5)),(2,3))	348	50
((1,(4,5)),(2,3))	((1,(4,5)),(2,3))	349	34
((1,(4,5)),(2,3))	((1,(4,5)),(2,3))	350	31
((1,(4,5)),(2,3))	((1,(4,5)),(2,3))	351	43
((1,(4,5)),(2,3))	((1,(4,5)),(2,3))	352	39
((1,(4,5)),(2,3))	((1,(4,5)),(2,3))	353	41
((1,(4,5)),(2,3))	((1,(4,5)),(2,3))	354	39
((1,(4,5)),(2,3))	((1,(4,5)),(2,3))	355	46
((1,(4,5)),(2,3))	((1,(4,5)),(2,3))	356	30
((1,(4,5)),(2,3))	((1,(4,5)),(2,3))	357	30
((1,(4,5)),(2,3))	((1,(4,5)),(2,3))	358	23
((1,(4,5)),(2,3))	((1,(4,5)),(2,3))	359	35
((1,(4,5)),(2,3))	((1,(4,5)),(2,3))	360	43
((1,(4,5)),(2,3))	((1,(4,5)),(2,3))	361	37
((1,(4,5)),(2,3))	((1,(4,5)),(2,3))	362	20
((1,(4,5)),(2,3))	((1,(4,5)),(2,3))	363	30
((1,(4,5)),(2,3))	((1,(4,5)),(2,3))	364	28
((1,(4,5)),(2,3))	((1,(4,5)),(2,3))	365	27
((1,(4,5)),(2,3))	((1,(4,5)),(2,3))	366	35
((1,(4,5)),(2,3))	((1,(4,5)),(2,3))	367	33
((1,(4,5)),(2,3))	((1,(4,5)),(2,3))	368	30
((1,(4,5)),(2,3))	((1,(4,5)),(2,3))	369	34
((1,(4,5)),(2,3))	((1,(4,5)),(2,3))	370	26
((1,(4,5)),(2,3))	((1,(4,5)),(2,3))	371	25
((1,(4,5)),(2,3))	((1,(4,5)),(2,3))	372	25
((1,(4,5)),(2,3))	((1,(4,5)),(2,3))	373	26
((1,(4,5)),(2,3))	((1,(4,5)),(2,3))	374	26
((1,(4,5)),(2,3))	((1,(4,5)),(2,3))	375	30
((1,(4,5)),(2,3))	((1,(4,5)),(2,3))	376	31
((1,(4,5)),(2,3))	((1,(4,5)),(2,3))	377	26
((1,(4,5)),(2,3))	((1,(4,5)),(2,3))	378	32
((1,(4,5)),(2,3))	((1,(4,5)),(2,3))	379	27
((1,(4,5)),(2,3))	((1,(4,5)),(2,3))	380	22
((1,(4,5)),(2,3))	((1,(4,5)),(2,3))	381	27
((1,(4,5)),(2,3))	((1,(4,5)),(2,3))	382	21
((1,(4,5)),(2,3))	((1,(4,5)),(2,3))	383	32
((1,(4,5)),(2,3))	((1,(4,5)),(2,3))	384	20
((1,(4,5)),(2,3))	((1,(4,5)),(2,3))	385	29
((1,(4,5)),(2,3))	((1,(4,5)),(2,3))	386	31
((1,(4,5)),(2,3))	((1,(4,5)),(2,3))	387	23
((1,(4,5)),(2,3))	((1,(4,5)),(2,3))	388	15
((1,(4,5)),(2,3))	((1,(4,5)),(2,3))	389	22
((1,(4,5)),(2,3))	((1,(4,5)),(2,3))	390	26
((1,(4,5)),(2,3))	((1,(4,5)),(2,3))	391	26
((1,(4,5)),(2,3))	((1,(4,5)),(2,3))	392	14
((1,(4,5)),(2,3))	((1,(4,5)),(2,3))	393	24
((1,(4,5)),(2,3))	((1,(4,5)),(2,3))	394	13
((1,(4,5)),(2,3))	((1,(4,5)),(2,3))	395	20
((1,(4,5)),(2,3))	((1,(4,5)),(2,3))	396	19
((1,(4,5)),(2,3))	((1,(4,5)),(2,3))	397	15
((1,(4,5)),(2,3))	((1,(4,5)),(2,3))	398	14
((1,(4,5)),(2,3))	((1,(4,5)),(2,3))	399	17
((1,(4,5)),(2,3))	((1,(4,5)),(2,3))	400	15
((1,(4,5)),(2,3))	((1,(4,5)),(2,3))	401	21
((1,(4,5)),(2,3))	((1,(4,5)),(2,3))	402	13
((1,(4,5)),(2,3))	((1,(4,5)),(2,3))	403	17
((1,(4,5)),(2,3))	((1,(4,5)),(2,3))	404	15
((1,(4,5)),(2,3))	((1,(4,5)),(2,3))	405	9
((1,(4,5)),(2,3))	((1,(4,5)),(2,3))	406	16
((1,(4,5)),(2,3))	((1,(4,5)),(2,3))	407	23
((1,(4,5)),(2,3))	((1,(4,5)),(2,3))	408	18
((1,(4,5)),(2,3))	((1,(4,5)),(2,3))	409	10
((1,(4,5)),(2,3))	((1,(4,5)),(2,3))	410	16
((1,(4,5)),(2,3))	((1,(4,5)),(2,3))	411	24
((1,(4,5)),(2,3))	((1,(4,5)),(2,3))	412	15
((1,(4,5)),(2,3))	((1,(4,5)),(2,3))	413	17
((1,(4,5)),(2,3))	((1,(4,5)),(2,3))	414	9
((1,(4,5)),(2,3))	((1,(4,5)),(2,3))	415	23
((1,(4,5)),(2,3))	((1,(4,5)),(2,3))	416	6
((1,(4,5)),(2,3))	((1,(4,5)),(2,3))	417	13
((1,(4,5)),(2,3))	((1,(4,5)),(2,3))	418	10
((1,(4,5)),(2,3))	((1,(4,5)),(2,3))	419	18
((1,(4,5)),(2,3))	((1,(4,5)),(2,3))	420	16
((1,(4,5)),(2,3))	((1,(4,5)),(2,3))	421	15
((1,(4,5)),(2,3))	((1,(4,5)),(2,3))	422	16
((1,(4,5)),(2,3))	((1,(4,5)),(2,3))	423	13
((1,(4,5)),(2,3))	((1,(4,5)),(2,3))	424	11
((1,(4,5)),(2,3))	((1,(4,5)),(2,3))	425	13
((1,(4,5)),(2,3))	((1,(4,5)),(2,3))	426	12
((1,(4,5)),(2,3))	((1,(4,5)),(2,3))	427	18
((1,(4,5)),(2,3))	((1,(4,5)),(2,3))	428	11
((1,(4,5)),(2,3))	((1,(4,5)),(2,3))	429	10
((1,(4,5)),(2,3))	((1,(4,5)),(2,3))	430	16
((1,(4,5)),(2,3))	((1,(4,5)),(2,3))	431	15
((1,(4,5)),(2,3))	((1,(4,5)),(2,3))	432	8
((1,(4,5)),(2,3))	((1,(4,5)),(2,3))	433	15
((1,(4,5)),(2,3))	((1,(4,5)),(2,3))	434	10
((1,(4,5)),(2,3))	((1,(4,5)),(2,3))	435	8
((1,(4,5)),(2,3))	((1,(4,5)),(2,3))	436	17
((1,(4,5)),(2,3))	((1,(4,5)),(2,3))	437	14
((1,(4,5)),(2,3))	((1,(4,5)),(2,3))	438	10
((1,(4,5)),(2,3))	((1,(4,5)),(2,3))	439	15
((1,(4,5)),(2,3))	((1,(4,5)),(2,3))	440	7
((1,(4,5)),(2,3))	((1,(4,5)),(2,3))	441	12
((1,(4,5)),(2,3))	((1,(4,5)),(2,3))	442	10
((1,(4,5)),(2,3))	((1,(4,5)),(2,3))	443	8
((1,(4,5)),(2,3))	((1,(4,5)),(2,3))	444	9
((1,(4,5)),(2,3))	((1,(4,5)),(2,3))	445	15
((1,(4,5)),(2,3))	((1,(4,5)),(2,3))	446	5
((1,(4,5)),(2,3))	((1,(4,5)),(2,3))	447	8
((1,(4,5)),(2,3))	((1,(4,5)),(2,3))	448	7
((1,(4,5)),(2,3))	((1,(4,5)),(2,3))	449	12
((1,(4,5)),(2,3))	((1,(4,5)),(2,3))	450	8
((1,(4,5)),(2,3))	((1,(4,5)),(2,3))	451	7
((1,(4,5)),(2,3))	((1,(4,5)),(2,3))	452	7
((1,(4,5)),(2,3))	((1,(4,5)),(2,3))	453	11
((1,(4,5)),(2,3))	((1,(4,5)),(2,3))	454	6
((1,(4,5)),(2,3))	((1,(4,5)),(2,3))	455	8
((1,(4,5)),(2,3))	((1,(4,5)),(2,3))	456	3
((1,(4,5)),(2,3))	((1,(4,5)),(2,3))	457	6
((1,(4,5)),(2,3))	((1,(4,5)),(2,3))	458	8
((1,(4,5)),(2,3))	((1,(4,5)),(2,3))	459	7
((1,(4,5)),(2,3))	((1,(4,5)),(2,3))	460	3
((1,(4,5)),(2,3))	((1,(4,5)),(2,3))	461	8
((1,(4,5)),(2,3))	((1,(4,5)),(2,3))	462	7
((1,(4,5)),(2,3))	((1,(4,5)),(2,3))	463	6
((1,(4,5)),(2,3))	((1,(4,5)),(2,3))	464	8
((1,(4,5)),(2,3))	((1,(4,5)),(2,3))	465	5
((1,(4,5)),(2,3))	((1,(4,5)),(2,3))	466	6
((1,(4,5)),(2,3))	((1,(4,5)),(2,3))	467	5
((1,(4,5)),(2,3))	((1,(4,5)),(2,3))	468	8
((1,(4,5)),(2,3))	((1,(4,5)),(2,3))	469	1
((1,(4,5)),(2,3))	((1,(4,5)),(2,3))	470	7
((1,(4,5)),(2,3))	((1,(4,5)),(2,3))	471	8
((1,(4,5)),(2,3))	((1,(4,5)),(2,3))	472	10
((1,(4,5)),(2,3))	((1,(4,5)),(2,3))	473	5
((1,(4,5)),(2,3))	((1,(4,5)),(2,3))	474	8
((1,(4,5)),(2,3))	((1,(4,5)),(2,3))	475	6
((1,(4,5)),(2,3))	((1,(4,5)),(2,3))	476	3
((1,(4,5)),(2,3))	((1,(4,5)),(2,3))	477	6
((1,(4,5)),(2,3))	((1,(4,5)),(2,3))	478	3
((1,(4,5)),(2,3))	((1,(4,5)),(2,3))	479	3
((1,(4,5)),(2,3))	((1,(4,5)),(2,3))	480	4
((1,(4,5)),(2,3))	((1,(4,5)),(2,3))	481	2
((1,(4,5)),(2,3))	((1,(4,5)),(2,3))	482	6
((1,(4,5)),(2,3))	((1,(4,5)),(2,3))	483	3
((1,(4,5)),(2,3))	((1,(4,5)),(2,3))	484	5
((1,(4,5)),(2,3))	((1,(4,5)),(2,3))	485	4
((1,(4,5)),(2,3))	((1,(4,5)),(2,3))	486	2
((1,(4,5)),(2,3))	((1,(4,5)),(2,3))	487	8
((1,(4,5)),(2,3))	((1,(4,5)),(2,3))	488	3
((1,(4,5)),(2,3))	((1,(4,5)),(2,3))	489	2
((1,(4,5)),(2,3))	((1,(4,5)),(2,3))	490	1
((1,(4,5)),(2,3))	((1,(4,5)),(2,3))	491	6
((1,(4,5)),(2,3))	((1,(4,5)),(2,3))	492	3
((1,(4,5)),(2,3))	((1,(4,5)),(2,3))	493	2
((1,(4,5)),(2,3))	((1,(4,5)),(2,3))	494	2
((1,(4,5)),(2,3))	((1,(4,5)),(2,3))	495	3
((1,(4,5)),(2,3))	((1,(4,5)),(2,3))	497	2
((1,(4,5)),(2,3))	((1,(4,5)),(2,3))	498	5
((1,(4,5)),(2,3))	((1,(4,5)),(2,3))	499	3
((1,(4,5)),(2,3))	((1,(4,5)),(2,3))	500	3
((1,(4,5)),(2,3))	((1,(4,5)),(2,3))	501	5
((1,(4,5)),(2,3))	((1,(4,5)),(2,3))	502	2
((1,(4,5)),(2,3))	((1,(4,5)),(2,3))	503	4
((1,(4,5)),(2,3))	((1,(4,5)),(2,3))	504	4
((1,(4,5)),(2,3))	((1,(4,5)),(2,3))	505	4
((1,(4,5)),(2,3))	((1,(4,5)),(2,3))	506	4
((1,(4,5)),(2,3))	((1,(4,5)),(2,3))	507	1
((1,(4,5)),(2,3))	((1,(4,5)),(2,3))	508	2
((1,(4,5)),(2,3))	((1,(4,5)),(2,3))	509	3
((1,(4,5)),(2,3))	((1,(4,5)),(2,3))	510	2
((1,(4,5)),(2,3))	((1,(4,5)),(2,3))	511	1
((1,(4,5)),(2,3))	((1,(4,5)),(2,3))	512	3
((1,(4,5)),(2,3))	((1,(4,5)),(2,3))	513	6
((1,(4,5)),(2,3))	((1,(4,5)),(2,3))	514	2
((1,(4,5)),(2,3))	((1,(4,5)),(2,3))	515	2
((1,(4,5)),(2,3))	((1,(4,5)),(2,3))	516	5
((1,(4,5)),(2,3))	((1,(4,5)),(2,3))	519	3
((1,(4,5)),(2,3))	((1,(4,5)),(2,3))	520	1
((1,(4,5)),(2,3))	((1,(4,5)),(2,3))	521	4
((1,(4,5)),(2,3))	((1,(4,5)),(2,3))	522	1
((1,(4,5)),(2,3))	((1,(4,5)),(2,3))	523	1
((1,(4,5)),(2,3))	((1,(4,5)),(2,3))	524	2
((1,(4,5)),(2,3))	((1,(4,5)),(2,3))	525	3
((1,(4,5)),(2,3))	((1,(4,5)),(2,3))	526	1
((1,(4,5)),(2,3))	((1,(4,5)),(2,3))	527	1
((1,(4,5)),(2,3))	((1,(4,5)),(2,3))	528	3
((1,(4,5)),(2,3))	((1,(4,5)),(2,3))	529	3
((1,(4,5)),(2,3))	((1,(4,5)),(2,3))	530	2
((1,(4,5)),(2,3))	((1,(4,5)),(2,3))	531	2
((1,(4,5)),(2,3))	((1,(4,5)),(2,3))	532	2
((1,(4,5)),(2,3))	((1,(4,5)),(2,3))	533	1
((1,(4,5)),(2,3))	((1,(4,5)),(2,3))	534	1
((1,(4,5)),(2,3))	((1,(4,5)),(2,3))	535	2
((1,(4,5)),(2,3))	((1,(4,5)),(2,3))	536	1
((1,(4,5)),(2,3))	((1,(4,5)),(2,3))	537	1
((1,(4,5)),(2,3))	((1,(4,5)),(2,3))	538	3
((1,(4,5)),(2,3))	((1,(4,5)),(2,3))	539	1
((1,(4,5)),(2,3))	((1,(4,5)),(2,3))	541	2
((1,(4,5)),(2,3))	((1,(4,5)),(2,3))	542	2
((1,(4,5)),(2,3))	((1,(4,5)),(2,3))	544	1
((1,(4,5)),(2,3))	((1,(4,5)),(2,3))	546	2
((1,(4,5)),(2,3))	((1,(4,5)),(2,3))	547	3
((1,(4,5)),(2,3))	((1,(4,5)),(2,3))	548	2
((1,(4,5)),(2,3))	((1,(4,5)),(2,3))	549	1
((1,(4,5)),(2,3))	((1,(4,5)),(2,3))	551	3
((1,(4,5)),(2,3))	((1,(4,5)),(2,3))	552	1
((1,(4,5)),(2,3))	((1,(4,5)),(2,3))	553	4
((1,(4,5)),(2,3))	((1,(4,5)),(2,3))	554	3
((1,(4,5)),(2,3))	((1,(4,5)),(2,3))	555	1
((1,(4,5)),(2,3))	((1,(4,5)),(2,3))	556	2
((1,(4,5)),(2,3))	((1,(4,5)),(2,3))	557	1
((1,(4,5)),(2,3))	((1,(4,5)),(2,3))	559	1
((1,(4,5)),(2,3))	((1,(4,5)),(2,3))	560	2
((1,(4,5)),(2,3))	((1,(4,5)),(2,3))	561	2
((1,(4,5)),(2,3))	((1,(4,5)),(2,3))	563	1
((1,(4,5)),(2,3))	((1,(4,5)),(2,3))	564	1
((1,(4,5)),(2,3))	((1,(4,5)),(2,3))	570	1
((1,(4,5)),(2,3))	((1,(4,5)),(2,3))	572	1
((1,(4,5)),(2,3))	((1,(4,5)),(2,3))	577	4
((1,(4,5)),(2,3))	((1,(4,5)),(2,3))	580	1
((1,(4,5)),(2,3))	((1,(4,5)),(2,3))	581	1
((1,(4,5)),(2,3))	((1,(4,5)),(2,3))	582	1
((1,(4,5)),(2,3))	((1,(4,5)),(2,3))	584	1
((1,(4,5)),(2,3))	((1,(4,5)),(2,3))	589	1
((1,(4,5)),(2,3))	((1,(4,5)),(2,3))	592	2
((1,(4,5)),(2,3))	((1,(4,5)),(2,3))	595	1
((1,(4,5)),(2,3))	((1,(4,5)),(2,3))	596	1
((1,(4,5)),(2,3))	((1,(4,5)),(2,3))	597	2
((1,(4,5)),(2,3))	((1,(4,5)),(2,3))	599	1
((1,(4,5)),(2,3))	((1,(4,5)),(2,3))	600	1
((1,(4,5)),(2,3))	((1,(4,5)),(2,3))	603	1
((1,(4,5)),(2,3))	((1,(4,5)),(2,3))	605	1
((1,(4,5)),(2,3))	((1,(4,5)),(2,3))	607	1
((1,(4,5)),(2,3))	((1,(4,5)),(2,3))	608	1
((1,(4,5)),(2,3))	((1,(4,5)),(2,3))	609	1
((1,(4,5)),(2,3))	((1,(4,5)),(2,3))	610	2
((1,(4,5)),(2,3))	((1,(4,5)),(2,3))	619	1
((1,(4,5)),(2,3))	((1,(4,5)),(2,3))	620	1
((1,(4,5)),(2,3))	((1,(4,5)),(2,3))	621	1
((1,(4,5)),(2,3))	((1,(4,5)),(2,3))	622	1
((1,(4,5)),(2,3))	((1,(4,5)),(2,3))	624	1
((1,(4,5)),(2,3))	((1,(4,5)),(2,3))	625	2
((1,(4,5)),(2,3))	((1,(4,5)),(2,3))	635	1
((1,(4,5)),(2,3))	((1,(4,5)),(2,3))	638	1
((1,(4,5)),(2,3))	((1,(4,5)),(2,3))	639	2
((1,(4,5)),(2,3))	((1,(4,5)),(2,3))	645	1
((1,(4,5)),(2,3))	((1,(4,5)),(2,3))	647	1
((1,(4,5)),(2,3))	((1,(4,5)),(2,3))	649	1
((1,(4,5)),(2,3))	((1,(4,5)),(2,3))	652	1
((1,(4,5)),(2,3))	((1,(4,5)),(2,3))	653	1
((1,(4,5)),(2,3))	((1,(4,5)),(2,3))	655	1
((1,(4,5)),(2,3))	((1,(4,5)),(2,3))	659	1
((1,(4,5)),(2,3))	((1,(4,5)),(2,3))	672	1
((1,(4,5)),(2,3))	((1,(4,5)),(2,3))	674	2
((1,(4,5)),(2,3))	((1,(4,5)),(2,3))	679	1
((1,(4,5)),(2,3))	((1,(4,5)),(2,3))	683	1
((1,(4,5)),(2,3))	((1,(4,5)),(2,3))	686	1
((1,(4,5)),(2,3))	((1,(4,5)),(2,3))	709	1
((1,(4,5)),(2,3))	((1,(4,5)),(2,3))	718	1
((1,(4,5)),(2,3))	((1,(4,5)),(2,3))	751	1
((1,(4,5)),(2,3))	((1,(4,5)),(2,3))	758	1
((1,(4,5)),(2,3))	((1,(4,5)),(2,3))	787	1
