(((1,2),3),(4,5))	(((1,2),3),(4,5))	2	15084
(((1,2),3),(4,5))	(((1,2),3),(4,5))	3	21067
(((1,2),3),(4,5))	(((1,2),3),(4,5))	4	22955
(((1,2),3),(4,5))	(((1,2),3),(4,5))	5	22823
(((1,2),3),(4,5))	(((1,2),3),(4,5))	6	22333
(((1,2),3),(4,5))	(((1,2),3),(4,5))	7	21249
(((1,2),3),(4,5))	(((1,2),3),(4,5))	8	19996
(((1,2),3),(4,5))	(((1,2),3),(4,5))	9	19212
(((1,2),3),(4,5))	(((1,2),3),(4,5))	10	18335
(((1,2),3),(4,5))	(((1,2),3),(4,5))	11	17512
(((1,2),3),(4,5))	(((1,2),3),(4,5))	12	16957
(((1,2),3),(4,5))	(((1,2),3),(4,5))	13	16018
(((1,2),3),(4,5))	(((1,2),3),(4,5))	14	15587
(((1,2),3),(4,5))	(((1,2),3),(4,5))	15	15308
(((1,2),3),(4,5))	(((1,2),3),(4,5))	16	14732
(((1,2),3),(4,5))	(((1,2),3),(4,5))	17	14310
(((1,2),3),(4,5))	(((1,2),3),(4,5))	18	13926
(((1,2),3),(4,5))	(((1,2),3),(4,5))	19	13473
(((1,2),3),(4,5))	(((1,2),3),(4,5))	20	13073
(((1,2),3),(4,5))	(((1,2),3),(4,5))	21	12874
(((1,2),3),(4,5))	(((1,2),3),(4,5))	22	12614
(((1,2),3),(4,5))	(((1,2),3),(4,5))	23	12206
(((1,2),3),(4,5))	(((1,2),3),(4,5))	24	12197
(((1,2),3),(4,5))	(((1,2),3),(4,5))	25	11849
(((1,2),3),(4,5))	(((1,2),3),(4,5))	26	11340
(((1,2),3),(4,5))	(((1,2),3),(4,5))	27	11229
(((1,2),3),(4,5))	(((1,2),3),(4,5))	28	10846
(((1,2),3),(4,5))	(((1,2),3),(4,5))	29	10620
(((1,2),3),(4,5))	(((1,2),3),(4,5))	30	10638
(((1,2),3),(4,5))	(((1,2),3),(4,5))	31	10253
(((1,2),3),(4,5))	(((1,2),3),(4,5))	32	10036
(((1,2),3),(4,5))	(((1,2),3),(4,5))	33	9697
(((1,2),3),(4,5))	(((1,2),3),(4,5))	34	9748
(((1,2),3),(4,5))	(((1,2),3),(4,5))	35	9379
(((1,2),3),(4,5))	(((1,2),3),(4,5))	36	9280
(((1,2),3),(4,5))	(((1,2),3),(4,5))	37	8998
(((1,2),3),(4,5))	(((1,2),3),(4,5))	38	8821
(((1,2),3),(4,5))	(((1,2),3),(4,5))	39	8688
(((1,2),3),(4,5))	(((1,2),3),(4,5))	40	8484
(((1,2),3),(4,5))	(((1,2),3),(4,5))	41	8398
(((1,2),3),(4,5))	(((1,2),3),(4,5))	42	7986
(((1,2),3),(4,5))	(((1,2),3),(4,5))	43	7979
(((1,2),3),(4,5))	(((1,2),3),(4,5))	44	7864
(((1,2),3),(4,5))	(((1,2),3),(4,5))	45	7688
(((1,2),3),(4,5))	(((1,2),3),(4,5))	46	7470
(((1,2),3),(4,5))	(((1,2),3),(4,5))	47	7295
(((1,2),3),(4,5))	(((1,2),3),(4,5))	48	7247
(((1,2),3),(4,5))	(((1,2),3),(4,5))	49	6985
(((1,2),3),(4,5))	(((1,2),3),(4,5))	50	7070
(((1,2),3),(4,5))	(((1,2),3),(4,5))	51	6792
(((1,2),3),(4,5))	(((1,2),3),(4,5))	52	6616
(((1,2),3),(4,5))	(((1,2),3),(4,5))	53	6363
(((1,2),3),(4,5))	(((1,2),3),(4,5))	54	6513
(((1,2),3),(4,5))	(((1,2),3),(4,5))	55	6293
(((1,2),3),(4,5))	(((1,2),3),(4,5))	56	6081
(((1,2),3),(4,5))	(((1,2),3),(4,5))	57	6137
(((1,2),3),(4,5))	(((1,2),3),(4,5))	58	5873
(((1,2),3),(4,5))	(((1,2),3),(4,5))	59	5712
(((1,2),3),(4,5))	(((1,2),3),(4,5))	60	5683
(((1,2),3),(4,5))	(((1,2),3),(4,5))	61	5626
(((1,2),3),(4,5))	(((1,2),3),(4,5))	62	5501
(((1,2),3),(4,5))	(((1,2),3),(4,5))	63	5466
(((1,2),3),(4,5))	(((1,2),3),(4,5))	64	5250
(((1,2),3),(4,5))	(((1,2),3),(4,5))	65	5163
(((1,2),3),(4,5))	(((1,2),3),(4,5))	66	5070
(((1,2),3),(4,5))	(((1,2),3),(4,5))	67	4939
(((1,2),3),(4,5))	(((1,2),3),(4,5))	68	4698
(((1,2),3),(4,5))	(((1,2),3),(4,5))	69	4772
(((1,2),3),(4,5))	(((1,2),3),(4,5))	70	4649
(((1,2),3),(4,5))	(((1,2),3),(4,5))	71	4533
(((1,2),3),(4,5))	(((1,2),3),(4,5))	72	4496
(((1,2),3),(4,5))	(((1,2),3),(4,5))	73	4488
(((1,2),3),(4,5))	(((1,2),3),(4,5))	74	4300
(((1,2),3),(4,5))	(((1,2),3),(4,5))	75	4083
(((1,2),3),(4,5))	(((1,2),3),(4,5))	76	4116
(((1,2),3),(4,5))	(((1,2),3),(4,5))	77	4146
(((1,2),3),(4,5))	(((1,2),3),(4,5))	78	3919
(((1,2),3),(4,5))	(((1,2),3),(4,5))	79	3972
(((1,2),3),(4,5))	(((1,2),3),(4,5))	80	3897
(((1,2),3),(4,5))	(((1,2),3),(4,5))	81	3726
(((1,2),3),(4,5))	(((1,2),3),(4,5))	82	3651
(((1,2),3),(4,5))	(((1,2),3),(4,5))	83	3627
(((1,2),3),(4,5))	(((1,2),3),(4,5))	84	3586
(((1,2),3),(4,5))	(((1,2),3),(4,5))	85	3508
(((1,2),3),(4,5))	(((1,2),3),(4,5))	86	3460
(((1,2),3),(4,5))	(((1,2),3),(4,5))	87	3500
(((1,2),3),(4,5))	(((1,2),3),(4,5))	88	3261
(((1,2),3),(4,5))	(((1,2),3),(4,5))	89	3254
(((1,2),3),(4,5))	(((1,2),3),(4,5))	90	3163
(((1,2),3),(4,5))	(((1,2),3),(4,5))	91	3108
(((1,2),3),(4,5))	(((1,2),3),(4,5))	92	3099
(((1,2),3),(4,5))	(((1,2),3),(4,5))	93	3022
(((1,2),3),(4,5))	(((1,2),3),(4,5))	94	3042
(((1,2),3),(4,5))	(((1,2),3),(4,5))	95	3000
(((1,2),3),(4,5))	(((1,2),3),(4,5))	96	2903
(((1,2),3),(4,5))	(((1,2),3),(4,5))	97	2857
(((1,2),3),(4,5))	(((1,2),3),(4,5))	98	2667
(((1,2),3),(4,5))	(((1,2),3),(4,5))	99	2767
(((1,2),3),(4,5))	(((1,2),3),(4,5))	100	2611
(((1,2),3),(4,5))	(((1,2),3),(4,5))	101	2518
(((1,2),3),(4,5))	(((1,2),3),(4,5))	102	2486
(((1,2),3),(4,5))	(((1,2),3),(4,5))	103	2518
(((1,2),3),(4,5))	(((1,2),3),(4,5))	104	2514
(((1,2),3),(4,5))	(((1,2),3),(4,5))	105	2444
(((1,2),3),(4,5))	(((1,2),3),(4,5))	106	2349
(((1,2),3),(4,5))	(((1,2),3),(4,5))	107	2327
(((1,2),3),(4,5))	(((1,2),3),(4,5))	108	2247
(((1,2),3),(4,5))	(((1,2),3),(4,5))	109	2191
(((1,2),3),(4,5))	(((1,2),3),(4,5))	110	2109
(((1,2),3),(4,5))	(((1,2),3),(4,5))	111	2215
(((1,2),3),(4,5))	(((1,2),3),(4,5))	112	2100
(((1,2),3),(4,5))	(((1,2),3),(4,5))	113	2119
(((1,2),3),(4,5))	(((1,2),3),(4,5))	114	1956
(((1,2),3),(4,5))	(((1,2),3),(4,5))	115	1985
(((1,2),3),(4,5))	(((1,2),3),(4,5))	116	1943
(((1,2),3),(4,5))	(((1,2),3),(4,5))	117	1942
(((1,2),3),(4,5))	(((1,2),3),(4,5))	118	1881
(((1,2),3),(4,5))	(((1,2),3),(4,5))	119	1793
(((1,2),3),(4,5))	(((1,2),3),(4,5))	120	1822
(((1,2),3),(4,5))	(((1,2),3),(4,5))	121	1830
(((1,2),3),(4,5))	(((1,2),3),(4,5))	122	1691
(((1,2),3),(4,5))	(((1,2),3),(4,5))	123	1653
(((1,2),3),(4,5))	(((1,2),3),(4,5))	124	1687
(((1,2),3),(4,5))	(((1,2),3),(4,5))	125	1570
(((1,2),3),(4,5))	(((1,2),3),(4,5))	126	1632
(((1,2),3),(4,5))	(((1,2),3),(4,5))	127	1525
(((1,2),3),(4,5))	(((1,2),3),(4,5))	128	1519
(((1,2),3),(4,5))	(((1,2),3),(4,5))	129	1529
(((1,2),3),(4,5))	(((1,2),3),(4,5))	130	1491
(((1,2),3),(4,5))	(((1,2),3),(4,5))	131	1499
(((1,2),3),(4,5))	(((1,2),3),(4,5))	132	1427
(((1,2),3),(4,5))	(((1,2),3),(4,5))	133	1351
(((1,2),3),(4,5))	(((1,2),3),(4,5))	134	1394
(((1,2),3),(4,5))	(((1,2),3),(4,5))	135	1319
(((1,2),3),(4,5))	(((1,2),3),(4,5))	136	1325
(((1,2),3),(4,5))	(((1,2),3),(4,5))	137	1296
(((1,2),3),(4,5))	(((1,2),3),(4,5))	138	1333
(((1,2),3),(4,5))	(((1,2),3),(4,5))	139	1248
(((1,2),3),(4,5))	(((1,2),3),(4,5))	140	1209
(((1,2),3),(4,5))	(((1,2),3),(4,5))	141	1278
(((1,2),3),(4,5))	(((1,2),3),(4,5))	142	1177
(((1,2),3),(4,5))	(((1,2),3),(4,5))	143	1157
(((1,2),3),(4,5))	(((1,2),3),(4,5))	144	1126
(((1,2),3),(4,5))	(((1,2),3),(4,5))	145	1163
(((1,2),3),(4,5))	(((1,2),3),(4,5))	146	1107
(((1,2),3),(4,5))	(((1,2),3),(4,5))	147	1110
(((1,2),3),(4,5))	(((1,2),3),(4,5))	148	1044
(((1,2),3),(4,5))	(((1,2),3),(4,5))	149	1049
(((1,2),3),(4,5))	(((1,2),3),(4,5))	150	1085
(((1,2),3),(4,5))	(((1,2),3),(4,5))	151	965
(((1,2),3),(4,5))	(((1,2),3),(4,5))	152	983
(((1,2),3),(4,5))	(((1,2),3),(4,5))	153	961
(((1,2),3),(4,5))	(((1,2),3),(4,5))	154	926
(((1,2),3),(4,5))	(((1,2),3),(4,5))	155	994
(((1,2),3),(4,5))	(((1,2),3),(4,5))	156	897
(((1,2),3),(4,5))	(((1,2),3),(4,5))	157	966
(((1,2),3),(4,5))	(((1,2),3),(4,5))	158	839
(((1,2),3),(4,5))	(((1,2),3),(4,5))	159	882
(((1,2),3),(4,5))	(((1,2),3),(4,5))	160	780
(((1,2),3),(4,5))	(((1,2),3),(4,5))	161	842
(((1,2),3),(4,5))	(((1,2),3),(4,5))	162	848
(((1,2),3),(4,5))	(((1,2),3),(4,5))	163	825
(((1,2),3),(4,5))	(((1,2),3),(4,5))	164	816
(((1,2),3),(4,5))	(((1,2),3),(4,5))	165	721
(((1,2),3),(4,5))	(((1,2),3),(4,5))	166	727
(((1,2),3),(4,5))	(((1,2),3),(4,5))	167	733
(((1,2),3),(4,5))	(((1,2),3),(4,5))	168	702
(((1,2),3),(4,5))	(((1,2),3),(4,5))	169	736
(((1,2),3),(4,5))	(((1,2),3),(4,5))	170	724
(((1,2),3),(4,5))	(((1,2),3),(4,5))	171	699
(((1,2),3),(4,5))	(((1,2),3),(4,5))	172	687
(((1,2),3),(4,5))	(((1,2),3),(4,5))	173	692
(((1,2),3),(4,5))	(((1,2),3),(4,5))	174	614
(((1,2),3),(4,5))	(((1,2),3),(4,5))	175	656
(((1,2),3),(4,5))	(((1,2),3),(4,5))	176	641
(((1,2),3),(4,5))	(((1,2),3),(4,5))	177	573
(((1,2),3),(4,5))	(((1,2),3),(4,5))	178	597
(((1,2),3),(4,5))	(((1,2),3),(4,5))	179	593
(((1,2),3),(4,5))	(((1,2),3),(4,5))	180	600
(((1,2),3),(4,5))	(((1,2),3),(4,5))	181	587
(((1,2),3),(4,5))	(((1,2),3),(4,5))	182	530
(((1,2),3),(4,5))	(((1,2),3),(4,5))	183	565
(((1,2),3),(4,5))	(((1,2),3),(4,5))	184	532
(((1,2),3),(4,5))	(((1,2),3),(4,5))	185	547
(((1,2),3),(4,5))	(((1,2),3),(4,5))	186	537
(((1,2),3),(4,5))	(((1,2),3),(4,5))	187	502
(((1,2),3),(4,5))	(((1,2),3),(4,5))	188	505
(((1,2),3),(4,5))	(((1,2),3),(4,5))	189	499
(((1,2),3),(4,5))	(((1,2),3),(4,5))	190	507
(((1,2),3),(4,5))	(((1,2),3),(4,5))	191	487
(((1,2),3),(4,5))	(((1,2),3),(4,5))	192	448
(((1,2),3),(4,5))	(((1,2),3),(4,5))	193	450
(((1,2),3),(4,5))	(((1,2),3),(4,5))	194	457
(((1,2),3),(4,5))	(((1,2),3),(4,5))	195	421
(((1,2),3),(4,5))	(((1,2),3),(4,5))	196	412
(((1,2),3),(4,5))	(((1,2),3),(4,5))	197	378
(((1,2),3),(4,5))	(((1,2),3),(4,5))	198	384
(((1,2),3),(4,5))	(((1,2),3),(4,5))	199	377
(((1,2),3),(4,5))	(((1,2),3),(4,5))	200	380
(((1,2),3),(4,5))	(((1,2),3),(4,5))	201	372
(((1,2),3),(4,5))	(((1,2),3),(4,5))	202	371
(((1,2),3),(4,5))	(((1,2),3),(4,5))	203	376
(((1,2),3),(4,5))	(((1,2),3),(4,5))	204	374
(((1,2),3),(4,5))	(((1,2),3),(4,5))	205	376
(((1,2),3),(4,5))	(((1,2),3),(4,5))	206	364
(((1,2),3),(4,5))	(((1,2),3),(4,5))	207	364
(((1,2),3),(4,5))	(((1,2),3),(4,5))	208	361
(((1,2),3),(4,5))	(((1,2),3),(4,5))	209	304
(((1,2),3),(4,5))	(((1,2),3),(4,5))	210	346
(((1,2),3),(4,5))	(((1,2),3),(4,5))	211	358
(((1,2),3),(4,5))	(((1,2),3),(4,5))	212	311
(((1,2),3),(4,5))	(((1,2),3),(4,5))	213	342
(((1,2),3),(4,5))	(((1,2),3),(4,5))	214	344
(((1,2),3),(4,5))	(((1,2),3),(4,5))	215	299
(((1,2),3),(4,5))	(((1,2),3),(4,5))	216	259
(((1,2),3),(4,5))	(((1,2),3),(4,5))	217	285
(((1,2),3),(4,5))	(((1,2),3),(4,5))	218	298
(((1,2),3),(4,5))	(((1,2),3),(4,5))	219	279
(((1,2),3),(4,5))	(((1,2),3),(4,5))	220	262
(((1,2),3),(4,5))	(((1,2),3),(4,5))	221	278
(((1,2),3),(4,5))	(((1,2),3),(4,5))	222	251
(((1,2),3),(4,5))	(((1,2),3),(4,5))	223	248
(((1,2),3),(4,5))	(((1,2),3),(4,5))	224	257
(((1,2),3),(4,5))	(((1,2),3),(4,5))	225	216
(((1,2),3),(4,5))	(((1,2),3),(4,5))	226	246
(((1,2),3),(4,5))	(((1,2),3),(4,5))	227	241
(((1,2),3),(4,5))	(((1,2),3),(4,5))	228	228
(((1,2),3),(4,5))	(((1,2),3),(4,5))	229	222
(((1,2),3),(4,5))	(((1,2),3),(4,5))	230	242
(((1,2),3),(4,5))	(((1,2),3),(4,5))	231	189
(((1,2),3),(4,5))	(((1,2),3),(4,5))	232	240
(((1,2),3),(4,5))	(((1,2),3),(4,5))	233	235
(((1,2),3),(4,5))	(((1,2),3),(4,5))	234	211
(((1,2),3),(4,5))	(((1,2),3),(4,5))	235	195
(((1,2),3),(4,5))	(((1,2),3),(4,5))	236	231
(((1,2),3),(4,5))	(((1,2),3),(4,5))	237	205
(((1,2),3),(4,5))	(((1,2),3),(4,5))	238	196
(((1,2),3),(4,5))	(((1,2),3),(4,5))	239	208
(((1,2),3),(4,5))	(((1,2),3),(4,5))	240	214
(((1,2),3),(4,5))	(((1,2),3),(4,5))	241	151
(((1,2),3),(4,5))	(((1,2),3),(4,5))	242	207
(((1,2),3),(4,5))	(((1,2),3),(4,5))	243	183
(((1,2),3),(4,5))	(((1,2),3),(4,5))	244	185
(((1,2),3),(4,5))	(((1,2),3),(4,5))	245	167
(((1,2),3),(4,5))	(((1,2),3),(4,5))	246	178
(((1,2),3),(4,5))	(((1,2),3),(4,5))	247	182
(((1,2),3),(4,5))	(((1,2),3),(4,5))	248	157
(((1,2),3),(4,5))	(((1,2),3),(4,5))	249	165
(((1,2),3),(4,5))	(((1,2),3),(4,5))	250	168
(((1,2),3),(4,5))	(((1,2),3),(4,5))	251	142
(((1,2),3),(4,5))	(((1,2),3),(4,5))	252	172
(((1,2),3),(4,5))	(((1,2),3),(4,5))	253	154
(((1,2),3),(4,5))	(((1,2),3),(4,5))	254	141
(((1,2),3),(4,5))	(((1,2),3),(4,5))	255	121
(((1,2),3),(4,5))	(((1,2),3),(4,5))	256	162
(((1,2),3),(4,5))	(((1,2),3),(4,5))	257	116
(((1,2),3),(4,5))	(((1,2),3),(4,5))	258	148
(((1,2),3),(4,5))	(((1,2),3),(4,5))	259	128
(((1,2),3),(4,5))	(((1,2),3),(4,5))	260	114
(((1,2),3),(4,5))	(((1,2),3),(4,5))	261	110
(((1,2),3),(4,5))	(((1,2),3),(4,5))	262	130
(((1,2),3),(4,5))	(((1,2),3),(4,5))	263	104
(((1,2),3),(4,5))	(((1,2),3),(4,5))	264	101
(((1,2),3),(4,5))	(((1,2),3),(4,5))	265	130
(((1,2),3),(4,5))	(((1,2),3),(4,5))	266	114
(((1,2),3),(4,5))	(((1,2),3),(4,5))	267	108
(((1,2),3),(4,5))	(((1,2),3),(4,5))	268	110
(((1,2),3),(4,5))	(((1,2),3),(4,5))	269	118
(((1,2),3),(4,5))	(((1,2),3),(4,5))	270	117
(((1,2),3),(4,5))	(((1,2),3),(4,5))	271	107
(((1,2),3),(4,5))	(((1,2),3),(4,5))	272	111
(((1,2),3),(4,5))	(((1,2),3),(4,5))	273	101
(((1,2),3),(4,5))	(((1,2),3),(4,5))	274	107
(((1,2),3),(4,5))	(((1,2),3),(4,5))	275	92
(((1,2),3),(4,5))	(((1,2),3),(4,5))	276	117
(((1,2),3),(4,5))	(((1,2),3),(4,5))	277	113
(((1,2),3),(4,5))	(((1,2),3),(4,5))	278	99
(((1,2),3),(4,5))	(((1,2),3),(4,5))	279	100
(((1,2),3),(4,5))	(((1,2),3),(4,5))	280	87
(((1,2),3),(4,5))	(((1,2),3),(4,5))	281	90
(((1,2),3),(4,5))	(((1,2),3),(4,5))	282	77
(((1,2),3),(4,5))	(((1,2),3),(4,5))	283	90
(((1,2),3),(4,5))	(((1,2),3),(4,5))	284	88
(((1,2),3),(4,5))	(((1,2),3),(4,5))	285	76
(((1,2),3),(4,5))	(((1,2),3),(4,5))	286	81
(((1,2),3),(4,5))	(((1,2),3),(4,5))	287	84
(((1,2),3),(4,5))	(((1,2),3),(4,5))	288	61
(((1,2),3),(4,5))	(((1,2),3),(4,5))	289	74
(((1,2),3),(4,5))	(((1,2),3),(4,5))	290	77
(((1,2),3),(4,5))	(((1,2),3),(4,5))	291	80
(((1,2),3),(4,5))	(((1,2),3),(4,5))	292	55
(((1,2),3),(4,5))	(((1,2),3),(4,5))	293	93
(((1,2),3),(4,5))	(((1,2),3),(4,5))	294	51
(((1,2),3),(4,5))	(((1,2),3),(4,5))	295	50
(((1,2),3),(4,5))	(((1,2),3),(4,5))	296	77
(((1,2),3),(4,5))	(((1,2),3),(4,5))	297	78
(((1,2),3),(4,5))	(((1,2),3),(4,5))	298	72
(((1,2),3),(4,5))	(((1,2),3),(4,5))	299	62
(((1,2),3),(4,5))	(((1,2),3),(4,5))	300	52
(((1,2),3),(4,5))	(((1,2),3),(4,5))	301	64
(((1,2),3),(4,5))	(((1,2),3),(4,5))	302	59
(((1,2),3),(4,5))	(((1,2),3),(4,5))	303	61
(((1,2),3),(4,5))	(((1,2),3),(4,5))	304	72
(((1,2),3),(4,5))	(((1,2),3),(4,5))	305	54
(((1,2),3),(4,5))	(((1,2),3),(4,5))	306	49
(((1,2),3),(4,5))	(((1,2),3),(4,5))	307	52
(((1,2),3),(4,5))	(((1,2),3),(4,5))	308	69
(((1,2),3),(4,5))	(((1,2),3),(4,5))	309	48
(((1,2),3),(4,5))	(((1,2),3),(4,5))	310	46
(((1,2),3),(4,5))	(((1,2),3),(4,5))	311	51
(((1,2),3),(4,5))	(((1,2),3),(4,5))	312	49
(((1,2),3),(4,5))	(((1,2),3),(4,5))	313	48
(((1,2),3),(4,5))	(((1,2),3),(4,5))	314	61
(((1,2),3),(4,5))	(((1,2),3),(4,5))	315	51
(((1,2),3),(4,5))	(((1,2),3),(4,5))	316	43
(((1,2),3),(4,5))	(((1,2),3),(4,5))	317	37
(((1,2),3),(4,5))	(((1,2),3),(4,5))	318	43
(((1,2),3),(4,5))	(((1,2),3),(4,5))	319	54
(((1,2),3),(4,5))	(((1,2),3),(4,5))	320	46
(((1,2),3),(4,5))	(((1,2),3),(4,5))	321	48
(((1,2),3),(4,5))	(((1,2),3),(4,5))	322	44
(((1,2),3),(4,5))	(((1,2),3),(4,5))	323	42
(((1,2),3),(4,5))	(((1,2),3),(4,5))	324	50
(((1,2),3),(4,5))	(((1,2),3),(4,5))	325	29
(((1,2),3),(4,5))	(((1,2),3),(4,5))	326	24
(((1,2),3),(4,5))	(((1,2),3),(4,5))	327	26
(((1,2),3),(4,5))	(((1,2),3),(4,5))	328	24
(((1,2),3),(4,5))	(((1,2),3),(4,5))	329	32
(((1,2),3),(4,5))	(((1,2),3),(4,5))	330	34
(((1,2),3),(4,5))	(((1,2),3),(4,5))	331	36
(((1,2),3),(4,5))	(((1,2),3),(4,5))	332	38
(((1,2),3),(4,5))	(((1,2),3),(4,5))	333	27
(((1,2),3),(4,5))	(((1,2),3),(4,5))	334	36
(((1,2),3),(4,5))	(((1,2),3),(4,5))	335	40
(((1,2),3),(4,5))	(((1,2),3),(4,5))	336	30
(((1,2),3),(4,5))	(((1,2),3),(4,5))	337	45
(((1,2),3),(4,5))	(((1,2),3),(4,5))	338	25
(((1,2),3),(4,5))	(((1,2),3),(4,5))	339	30
(((1,2),3),(4,5))	(((1,2),3),(4,5))	340	29
(((1,2),3),(4,5))	(((1,2),3),(4,5))	341	23
(((1,2),3),(4,5))	(((1,2),3),(4,5))	342	32
(((1,2),3),(4,5))	(((1,2),3),(4,5))	343	23
(((1,2),3),(4,5))	(((1,2),3),(4,5))	344	20
(((1,2),3),(4,5))	(((1,2),3),(4,5))	345	25
(((1,2),3),(4,5))	(((1,2),3),(4,5))	346	24
(((1,2),3),(4,5))	(((1,2),3),(4,5))	347	29
(((1,2),3),(4,5))	(((1,2),3),(4,5))	348	22
(((1,2),3),(4,5))	(((1,2),3),(4,5))	349	35
(((1,2),3),(4,5))	(((1,2),3),(4,5))	350	20
(((1,2),3),(4,5))	(((1,2),3),(4,5))	351	21
(((1,2),3),(4,5))	(((1,2),3),(4,5))	352	30
(((1,2),3),(4,5))	(((1,2),3),(4,5))	353	21
(((1,2),3),(4,5))	(((1,2),3),(4,5))	354	27
(((1,2),3),(4,5))	(((1,2),3),(4,5))	355	28
(((1,2),3),(4,5))	(((1,2),3),(4,5))	356	20
(((1,2),3),(4,5))	(((1,2),3),(4,5))	357	16
(((1,2),3),(4,5))	(((1,2),3),(4,5))	358	20
(((1,2),3),(4,5))	(((1,2),3),(4,5))	359	17
(((1,2),3),(4,5))	(((1,2),3),(4,5))	360	17
(((1,2),3),(4,5))	(((1,2),3),(4,5))	361	17
(((1,2),3),(4,5))	(((1,2),3),(4,5))	362	15
(((1,2),3),(4,5))	(((1,2),3),(4,5))	363	16
(((1,2),3),(4,5))	(((1,2),3),(4,5))	364	19
(((1,2),3),(4,5))	(((1,2),3),(4,5))	365	12
(((1,2),3),(4,5))	(((1,2),3),(4,5))	366	16
(((1,2),3),(4,5))	(((1,2),3),(4,5))	367	8
(((1,2),3),(4,5))	(((1,2),3),(4,5))	368	11
(((1,2),3),(4,5))	(((1,2),3),(4,5))	369	15
(((1,2),3),(4,5))	(((1,2),3),(4,5))	370	13
(((1,2),3),(4,5))	(((1,2),3),(4,5))	371	16
(((1,2),3),(4,5))	(((1,2),3),(4,5))	372	15
(((1,2),3),(4,5))	(((1,2),3),(4,5))	373	15
(((1,2),3),(4,5))	(((1,2),3),(4,5))	374	19
(((1,2),3),(4,5))	(((1,2),3),(4,5))	375	9
(((1,2),3),(4,5))	(((1,2),3),(4,5))	376	10
(((1,2),3),(4,5))	(((1,2),3),(4,5))	377	22
(((1,2),3),(4,5))	(((1,2),3),(4,5))	378	21
(((1,2),3),(4,5))	(((1,2),3),(4,5))	379	14
(((1,2),3),(4,5))	(((1,2),3),(4,5))	380	13
(((1,2),3),(4,5))	(((1,2),3),(4,5))	381	12
(((1,2),3),(4,5))	(((1,2),3),(4,5))	382	13
(((1,2),3),(4,5))	(((1,2),3),(4,5))	383	13
(((1,2),3),(4,5))	(((1,2),3),(4,5))	384	11
(((1,2),3),(4,5))	(((1,2),3),(4,5))	385	14
(((1,2),3),(4,5))	(((1,2),3),(4,5))	386	7
(((1,2),3),(4,5))	(((1,2),3),(4,5))	387	11
(((1,2),3),(4,5))	(((1,2),3),(4,5))	388	10
(((1,2),3),(4,5))	(((1,2),3),(4,5))	389	11
(((1,2),3),(4,5))	(((1,2),3),(4,5))	390	12
(((1,2),3),(4,5))	(((1,2),3),(4,5))	391	8
(((1,2),3),(4,5))	(((1,2),3),(4,5))	392	9
(((1,2),3),(4,5))	(((1,2),3),(4,5))	393	16
(((1,2),3),(4,5))	(((1,2),3),(4,5))	394	8
(((1,2),3),(4,5))	(((1,2),3),(4,5))	395	5
(((1,2),3),(4,5))	(((1,2),3),(4,5))	396	5
(((1,2),3),(4,5))	(((1,2),3),(4,5))	397	12
(((1,2),3),(4,5))	(((1,2),3),(4,5))	398	8
(((1,2),3),(4,5))	(((1,2),3),(4,5))	399	12
(((1,2),3),(4,5))	(((1,2),3),(4,5))	400	14
(((1,2),3),(4,5))	(((1,2),3),(4,5))	401	9
(((1,2),3),(4,5))	(((1,2),3),(4,5))	402	7
(((1,2),3),(4,5))	(((1,2),3),(4,5))	403	16
(((1,2),3),(4,5))	(((1,2),3),(4,5))	404	15
(((1,2),3),(4,5))	(((1,2),3),(4,5))	405	7
(((1,2),3),(4,5))	(((1,2),3),(4,5))	406	7
(((1,2),3),(4,5))	(((1,2),3),(4,5))	407	7
(((1,2),3),(4,5))	(((1,2),3),(4,5))	408	11
(((1,2),3),(4,5))	(((1,2),3),(4,5))	409	10
(((1,2),3),(4,5))	(((1,2),3),(4,5))	410	10
(((1,2),3),(4,5))	(((1,2),3),(4,5))	411	5
(((1,2),3),(4,5))	(((1,2),3),(4,5))	412	5
(((1,2),3),(4,5))	(((1,2),3),(4,5))	413	10
(((1,2),3),(4,5))	(((1,2),3),(4,5))	414	8
(((1,2),3),(4,5))	(((1,2),3),(4,5))	415	3
(((1,2),3),(4,5))	(((1,2),3),(4,5))	416	8
(((1,2),3),(4,5))	(((1,2),3),(4,5))	417	7
(((1,2),3),(4,5))	(((1,2),3),(4,5))	418	3
(((1,2),3),(4,5))	(((1,2),3),(4,5))	419	13
(((1,2),3),(4,5))	(((1,2),3),(4,5))	420	5
(((1,2),3),(4,5))	(((1,2),3),(4,5))	421	4
(((1,2),3),(4,5))	(((1,2),3),(4,5))	422	4
(((1,2),3),(4,5))	(((1,2),3),(4,5))	423	7
(((1,2),3),(4,5))	(((1,2),3),(4,5))	424	5
(((1,2),3),(4,5))	(((1,2),3),(4,5))	425	3
(((1,2),3),(4,5))	(((1,2),3),(4,5))	426	7
(((1,2),3),(4,5))	(((1,2),3),(4,5))	427	5
(((1,2),3),(4,5))	(((1,2),3),(4,5))	428	6
(((1,2),3),(4,5))	(((1,2),3),(4,5))	430	2
(((1,2),3),(4,5))	(((1,2),3),(4,5))	431	4
(((1,2),3),(4,5))	(((1,2),3),(4,5))	432	6
(((1,2),3),(4,5))	(((1,2),3),(4,5))	433	5
(((1,2),3),(4,5))	(((1,2),3),(4,5))	434	7
(((1,2),3),(4,5))	(((1,2),3),(4,5))	435	5
(((1,2),3),(4,5))	(((1,2),3),(4,5))	436	7
(((1,2),3),(4,5))	(((1,2),3),(4,5))	437	5
(((1,2),3),(4,5))	(((1,2),3),(4,5))	438	7
(((1,2),3),(4,5))	(((1,2),3),(4,5))	439	2
(((1,2),3),(4,5))	(((1,2),3),(4,5))	440	3
(((1,2),3),(4,5))	(((1,2),3),(4,5))	441	6
(((1,2),3),(4,5))	(((1,2),3),(4,5))	442	2
(((1,2),3),(4,5))	(((1,2),3),(4,5))	443	9
(((1,2),3),(4,5))	(((1,2),3),(4,5))	444	5
(((1,2),3),(4,5))	(((1,2),3),(4,5))	445	2
(((1,2),3),(4,5))	(((1,2),3),(4,5))	446	1
(((1,2),3),(4,5))	(((1,2),3),(4,5))	447	6
(((1,2),3),(4,5))	(((1,2),3),(4,5))	448	3
(((1,2),3),(4,5))	(((1,2),3),(4,5))	449	4
(((1,2),3),(4,5))	(((1,2),3),(4,5))	450	2
(((1,2),3),(4,5))	(((1,2),3),(4,5))	451	9
(((1,2),3),(4,5))	(((1,2),3),(4,5))	452	5
(((1,2),3),(4,5))	(((1,2),3),(4,5))	453	3
(((1,2),3),(4,5))	(((1,2),3),(4,5))	454	2
(((1,2),3),(4,5))	(((1,2),3),(4,5))	455	4
(((1,2),3),(4,5))	(((1,2),3),(4,5))	456	4
(((1,2),3),(4,5))	(((1,2),3),(4,5))	457	1
(((1,2),3),(4,5))	(((1,2),3),(4,5))	458	3
(((1,2),3),(4,5))	(((1,2),3),(4,5))	459	2
(((1,2),3),(4,5))	(((1,2),3),(4,5))	460	5
(((1,2),3),(4,5))	(((1,2),3),(4,5))	461	2
(((1,2),3),(4,5))	(((1,2),3),(4,5))	462	2
(((1,2),3),(4,5))	(((1,2),3),(4,5))	463	2
(((1,2),3),(4,5))	(((1,2),3),(4,5))	464	3
(((1,2),3),(4,5))	(((1,2),3),(4,5))	465	1
(((1,2),3),(4,5))	(((1,2),3),(4,5))	466	3
(((1,2),3),(4,5))	(((1,2),3),(4,5))	467	2
(((1,2),3),(4,5))	(((1,2),3),(4,5))	468	1
(((1,2),3),(4,5))	(((1,2),3),(4,5))	469	2
(((1,2),3),(4,5))	(((1,2),3),(4,5))	470	5
(((1,2),3),(4,5))	(((1,2),3),(4,5))	471	1
(((1,2),3),(4,5))	(((1,2),3),(4,5))	474	3
(((1,2),3),(4,5))	(((1,2),3),(4,5))	475	4
(((1,2),3),(4,5))	(((1,2),3),(4,5))	477	3
(((1,2),3),(4,5))	(((1,2),3),(4,5))	478	1
(((1,2),3),(4,5))	(((1,2),3),(4,5))	479	4
(((1,2),3),(4,5))	(((1,2),3),(4,5))	480	2
(((1,2),3),(4,5))	(((1,2),3),(4,5))	481	3
(((1,2),3),(4,5))	(((1,2),3),(4,5))	482	2
(((1,2),3),(4,5))	(((1,2),3),(4,5))	483	3
(((1,2),3),(4,5))	(((1,2),3),(4,5))	484	1
(((1,2),3),(4,5))	(((1,2),3),(4,5))	485	1
(((1,2),3),(4,5))	(((1,2),3),(4,5))	486	3
(((1,2),3),(4,5))	(((1,2),3),(4,5))	487	1
(((1,2),3),(4,5))	(((1,2),3),(4,5))	488	4
(((1,2),3),(4,5))	(((1,2),3),(4,5))	489	2
(((1,2),3),(4,5))	(((1,2),3),(4,5))	490	4
(((1,2),3),(4,5))	(((1,2),3),(4,5))	491	5
(((1,2),3),(4,5))	(((1,2),3),(4,5))	492	3
(((1,2),3),(4,5))	(((1,2),3),(4,5))	493	7
(((1,2),3),(4,5))	(((1,2),3),(4,5))	494	4
(((1,2),3),(4,5))	(((1,2),3),(4,5))	495	1
(((1,2),3),(4,5))	(((1,2),3),(4,5))	496	1
(((1,2),3),(4,5))	(((1,2),3),(4,5))	497	4
(((1,2),3),(4,5))	(((1,2),3),(4,5))	498	1
(((1,2),3),(4,5))	(((1,2),3),(4,5))	499	2
(((1,2),3),(4,5))	(((1,2),3),(4,5))	500	6
(((1,2),3),(4,5))	(((1,2),3),(4,5))	501	1
(((1,2),3),(4,5))	(((1,2),3),(4,5))	502	2
(((1,2),3),(4,5))	(((1,2),3),(4,5))	503	2
(((1,2),3),(4,5))	(((1,2),3),(4,5))	504	2
(((1,2),3),(4,5))	(((1,2),3),(4,5))	505	1
(((1,2),3),(4,5))	(((1,2),3),(4,5))	506	1
(((1,2),3),(4,5))	(((1,2),3),(4,5))	508	1
(((1,2),3),(4,5))	(((1,2),3),(4,5))	509	1
(((1,2),3),(4,5))	(((1,2),3),(4,5))	510	1
(((1,2),3),(4,5))	(((1,2),3),(4,5))	511	1
(((1,2),3),(4,5))	(((1,2),3),(4,5))	514	1
(((1,2),3),(4,5))	(((1,2),3),(4,5))	515	2
(((1,2),3),(4,5))	(((1,2),3),(4,5))	521	1
(((1,2),3),(4,5))	(((1,2),3),(4,5))	522	1
(((1,2),3),(4,5))	(((1,2),3),(4,5))	526	1
(((1,2),3),(4,5))	(((1,2),3),(4,5))	527	1
(((1,2),3),(4,5))	(((1,2),3),(4,5))	528	2
(((1,2),3),(4,5))	(((1,2),3),(4,5))	529	2
(((1,2),3),(4,5))	(((1,2),3),(4,5))	530	1
(((1,2),3),(4,5))	(((1,2),3),(4,5))	532	1
(((1,2),3),(4,5))	(((1,2),3),(4,5))	534	2
(((1,2),3),(4,5))	(((1,2),3),(4,5))	537	1
(((1,2),3),(4,5))	(((1,2),3),(4,5))	539	1
(((1,2),3),(4,5))	(((1,2),3),(4,5))	540	1
(((1,2),3),(4,5))	(((1,2),3),(4,5))	542	1
(((1,2),3),(4,5))	(((1,2),3),(4,5))	547	2
(((1,2),3),(4,5))	(((1,2),3),(4,5))	548	1
(((1,2),3),(4,5))	(((1,2),3),(4,5))	551	1
(((1,2),3),(4,5))	(((1,2),3),(4,5))	553	1
(((1,2),3),(4,5))	(((1,2),3),(4,5))	575	1
(((1,2),3),(4,5))	(((1,2),3),(4,5))	577	1
(((1,2),3),(4,5))	(((1,2),3),(4,5))	591	2
(((1,2),3),(4,5))	(((1,2),3),(4,5))	592	1
(((1,2),3),(4,5))	(((1,2),3),(4,5))	594	1
(((1,2),3),(4,5))	(((1,2),3),(4,5))	596	1
(((1,2),3),(4,5))	(((1,2),3),(4,5))	603	1
(((1,2),3),(4,5))	(((1,2),3),(4,5))	607	1
(((1,2),3),(4,5))	(((1,2),3),(4,5))	631	3
(((1,2),3),(4,5))	(((1,2),3),(4,5))	637	1
(((1,2),3),(4,5))	(((1,2),3),(4,5))	654	1
(((1,2),3),(4,5))	(((1,2),3),(4,5))	701	1
(((1,2),3),(4,5))	(((1,2),3),(4,5))	705	1
(((1,2),3),(4,5))	(((1,2),3),(4,5))	727	1
(((1,2),3),(4,5))	((1,(2,3)),(4,5))	1	34872
(((1,2),3),(4,5))	((1,(2,3)),(4,5))	2	28397
(((1,2),3),(4,5))	((1,(2,3)),(4,5))	3	24318
(((1,2),3),(4,5))	((1,(2,3)),(4,5))	4	21343
(((1,2),3),(4,5))	((1,(2,3)),(4,5))	5	19529
(((1,2),3),(4,5))	((1,(2,3)),(4,5))	6	18330
(((1,2),3),(4,5))	((1,(2,3)),(4,5))	7	17444
(((1,2),3),(4,5))	((1,(2,3)),(4,5))	8	16884
(((1,2),3),(4,5))	((1,(2,3)),(4,5))	9	16171
(((1,2),3),(4,5))	((1,(2,3)),(4,5))	10	15719
(((1,2),3),(4,5))	((1,(2,3)),(4,5))	11	15574
(((1,2),3),(4,5))	((1,(2,3)),(4,5))	12	14705
(((1,2),3),(4,5))	((1,(2,3)),(4,5))	13	14662
(((1,2),3),(4,5))	((1,(2,3)),(4,5))	14	14363
(((1,2),3),(4,5))	((1,(2,3)),(4,5))	15	14002
(((1,2),3),(4,5))	((1,(2,3)),(4,5))	16	13534
(((1,2),3),(4,5))	((1,(2,3)),(4,5))	17	13454
(((1,2),3),(4,5))	((1,(2,3)),(4,5))	18	13138
(((1,2),3),(4,5))	((1,(2,3)),(4,5))	19	12837
(((1,2),3),(4,5))	((1,(2,3)),(4,5))	20	12487
(((1,2),3),(4,5))	((1,(2,3)),(4,5))	21	12382
(((1,2),3),(4,5))	((1,(2,3)),(4,5))	22	12088
(((1,2),3),(4,5))	((1,(2,3)),(4,5))	23	11842
(((1,2),3),(4,5))	((1,(2,3)),(4,5))	24	11488
(((1,2),3),(4,5))	((1,(2,3)),(4,5))	25	11195
(((1,2),3),(4,5))	((1,(2,3)),(4,5))	26	11118
(((1,2),3),(4,5))	((1,(2,3)),(4,5))	27	10859
(((1,2),3),(4,5))	((1,(2,3)),(4,5))	28	10628
(((1,2),3),(4,5))	((1,(2,3)),(4,5))	29	10237
(((1,2),3),(4,5))	((1,(2,3)),(4,5))	30	10238
(((1,2),3),(4,5))	((1,(2,3)),(4,5))	31	9958
(((1,2),3),(4,5))	((1,(2,3)),(4,5))	32	9757
(((1,2),3),(4,5))	((1,(2,3)),(4,5))	33	9408
(((1,2),3),(4,5))	((1,(2,3)),(4,5))	34	9363
(((1,2),3),(4,5))	((1,(2,3)),(4,5))	35	8963
(((1,2),3),(4,5))	((1,(2,3)),(4,5))	36	9077
(((1,2),3),(4,5))	((1,(2,3)),(4,5))	37	8907
(((1,2),3),(4,5))	((1,(2,3)),(4,5))	38	8555
(((1,2),3),(4,5))	((1,(2,3)),(4,5))	39	8407
(((1,2),3),(4,5))	((1,(2,3)),(4,5))	40	8258
(((1,2),3),(4,5))	((1,(2,3)),(4,5))	41	8086
(((1,2),3),(4,5))	((1,(2,3)),(4,5))	42	7945
(((1,2),3),(4,5))	((1,(2,3)),(4,5))	43	7991
(((1,2),3),(4,5))	((1,(2,3)),(4,5))	44	7507
(((1,2),3),(4,5))	((1,(2,3)),(4,5))	45	7638
(((1,2),3),(4,5))	((1,(2,3)),(4,5))	46	7332
(((1,2),3),(4,5))	((1,(2,3)),(4,5))	47	7171
(((1,2),3),(4,5))	((1,(2,3)),(4,5))	48	7092
(((1,2),3),(4,5))	((1,(2,3)),(4,5))	49	6784
(((1,2),3),(4,5))	((1,(2,3)),(4,5))	50	6733
(((1,2),3),(4,5))	((1,(2,3)),(4,5))	51	6631
(((1,2),3),(4,5))	((1,(2,3)),(4,5))	52	6472
(((1,2),3),(4,5))	((1,(2,3)),(4,5))	53	6319
(((1,2),3),(4,5))	((1,(2,3)),(4,5))	54	6247
(((1,2),3),(4,5))	((1,(2,3)),(4,5))	55	6146
(((1,2),3),(4,5))	((1,(2,3)),(4,5))	56	6045
(((1,2),3),(4,5))	((1,(2,3)),(4,5))	57	5910
(((1,2),3),(4,5))	((1,(2,3)),(4,5))	58	5725
(((1,2),3),(4,5))	((1,(2,3)),(4,5))	59	5773
(((1,2),3),(4,5))	((1,(2,3)),(4,5))	60	5636
(((1,2),3),(4,5))	((1,(2,3)),(4,5))	61	5384
(((1,2),3),(4,5))	((1,(2,3)),(4,5))	62	5203
(((1,2),3),(4,5))	((1,(2,3)),(4,5))	63	5173
(((1,2),3),(4,5))	((1,(2,3)),(4,5))	64	5259
(((1,2),3),(4,5))	((1,(2,3)),(4,5))	65	5021
(((1,2),3),(4,5))	((1,(2,3)),(4,5))	66	4870
(((1,2),3),(4,5))	((1,(2,3)),(4,5))	67	4868
(((1,2),3),(4,5))	((1,(2,3)),(4,5))	68	4833
(((1,2),3),(4,5))	((1,(2,3)),(4,5))	69	4615
(((1,2),3),(4,5))	((1,(2,3)),(4,5))	70	4567
(((1,2),3),(4,5))	((1,(2,3)),(4,5))	71	4435
(((1,2),3),(4,5))	((1,(2,3)),(4,5))	72	4338
(((1,2),3),(4,5))	((1,(2,3)),(4,5))	73	4329
(((1,2),3),(4,5))	((1,(2,3)),(4,5))	74	4175
(((1,2),3),(4,5))	((1,(2,3)),(4,5))	75	4135
(((1,2),3),(4,5))	((1,(2,3)),(4,5))	76	4027
(((1,2),3),(4,5))	((1,(2,3)),(4,5))	77	3937
(((1,2),3),(4,5))	((1,(2,3)),(4,5))	78	3953
(((1,2),3),(4,5))	((1,(2,3)),(4,5))	79	3875
(((1,2),3),(4,5))	((1,(2,3)),(4,5))	80	3689
(((1,2),3),(4,5))	((1,(2,3)),(4,5))	81	3668
(((1,2),3),(4,5))	((1,(2,3)),(4,5))	82	3617
(((1,2),3),(4,5))	((1,(2,3)),(4,5))	83	3537
(((1,2),3),(4,5))	((1,(2,3)),(4,5))	84	3416
(((1,2),3),(4,5))	((1,(2,3)),(4,5))	85	3422
(((1,2),3),(4,5))	((1,(2,3)),(4,5))	86	3468
(((1,2),3),(4,5))	((1,(2,3)),(4,5))	87	3307
(((1,2),3),(4,5))	((1,(2,3)),(4,5))	88	3220
(((1,2),3),(4,5))	((1,(2,3)),(4,5))	89	3231
(((1,2),3),(4,5))	((1,(2,3)),(4,5))	90	3032
(((1,2),3),(4,5))	((1,(2,3)),(4,5))	91	3066
(((1,2),3),(4,5))	((1,(2,3)),(4,5))	92	3058
(((1,2),3),(4,5))	((1,(2,3)),(4,5))	93	2934
(((1,2),3),(4,5))	((1,(2,3)),(4,5))	94	2967
(((1,2),3),(4,5))	((1,(2,3)),(4,5))	95	2838
(((1,2),3),(4,5))	((1,(2,3)),(4,5))	96	2844
(((1,2),3),(4,5))	((1,(2,3)),(4,5))	97	2748
(((1,2),3),(4,5))	((1,(2,3)),(4,5))	98	2658
(((1,2),3),(4,5))	((1,(2,3)),(4,5))	99	2531
(((1,2),3),(4,5))	((1,(2,3)),(4,5))	100	2629
(((1,2),3),(4,5))	((1,(2,3)),(4,5))	101	2546
(((1,2),3),(4,5))	((1,(2,3)),(4,5))	102	2478
(((1,2),3),(4,5))	((1,(2,3)),(4,5))	103	2385
(((1,2),3),(4,5))	((1,(2,3)),(4,5))	104	2330
(((1,2),3),(4,5))	((1,(2,3)),(4,5))	105	2410
(((1,2),3),(4,5))	((1,(2,3)),(4,5))	106	2197
(((1,2),3),(4,5))	((1,(2,3)),(4,5))	107	2218
(((1,2),3),(4,5))	((1,(2,3)),(4,5))	108	2223
(((1,2),3),(4,5))	((1,(2,3)),(4,5))	109	2037
(((1,2),3),(4,5))	((1,(2,3)),(4,5))	110	2195
(((1,2),3),(4,5))	((1,(2,3)),(4,5))	111	2084
(((1,2),3),(4,5))	((1,(2,3)),(4,5))	112	2133
(((1,2),3),(4,5))	((1,(2,3)),(4,5))	113	2046
(((1,2),3),(4,5))	((1,(2,3)),(4,5))	114	1979
(((1,2),3),(4,5))	((1,(2,3)),(4,5))	115	2001
(((1,2),3),(4,5))	((1,(2,3)),(4,5))	116	1872
(((1,2),3),(4,5))	((1,(2,3)),(4,5))	117	1897
(((1,2),3),(4,5))	((1,(2,3)),(4,5))	118	1841
(((1,2),3),(4,5))	((1,(2,3)),(4,5))	119	1751
(((1,2),3),(4,5))	((1,(2,3)),(4,5))	120	1719
(((1,2),3),(4,5))	((1,(2,3)),(4,5))	121	1745
(((1,2),3),(4,5))	((1,(2,3)),(4,5))	122	1621
(((1,2),3),(4,5))	((1,(2,3)),(4,5))	123	1683
(((1,2),3),(4,5))	((1,(2,3)),(4,5))	124	1579
(((1,2),3),(4,5))	((1,(2,3)),(4,5))	125	1569
(((1,2),3),(4,5))	((1,(2,3)),(4,5))	126	1473
(((1,2),3),(4,5))	((1,(2,3)),(4,5))	127	1564
(((1,2),3),(4,5))	((1,(2,3)),(4,5))	128	1458
(((1,2),3),(4,5))	((1,(2,3)),(4,5))	129	1532
(((1,2),3),(4,5))	((1,(2,3)),(4,5))	130	1479
(((1,2),3),(4,5))	((1,(2,3)),(4,5))	131	1393
(((1,2),3),(4,5))	((1,(2,3)),(4,5))	132	1501
(((1,2),3),(4,5))	((1,(2,3)),(4,5))	133	1351
(((1,2),3),(4,5))	((1,(2,3)),(4,5))	134	1391
(((1,2),3),(4,5))	((1,(2,3)),(4,5))	135	1338
(((1,2),3),(4,5))	((1,(2,3)),(4,5))	136	1315
(((1,2),3),(4,5))	((1,(2,3)),(4,5))	137	1289
(((1,2),3),(4,5))	((1,(2,3)),(4,5))	138	1300
(((1,2),3),(4,5))	((1,(2,3)),(4,5))	139	1224
(((1,2),3),(4,5))	((1,(2,3)),(4,5))	140	1227
(((1,2),3),(4,5))	((1,(2,3)),(4,5))	141	1192
(((1,2),3),(4,5))	((1,(2,3)),(4,5))	142	1157
(((1,2),3),(4,5))	((1,(2,3)),(4,5))	143	1197
(((1,2),3),(4,5))	((1,(2,3)),(4,5))	144	1131
(((1,2),3),(4,5))	((1,(2,3)),(4,5))	145	1156
(((1,2),3),(4,5))	((1,(2,3)),(4,5))	146	1044
(((1,2),3),(4,5))	((1,(2,3)),(4,5))	147	1046
(((1,2),3),(4,5))	((1,(2,3)),(4,5))	148	1072
(((1,2),3),(4,5))	((1,(2,3)),(4,5))	149	966
(((1,2),3),(4,5))	((1,(2,3)),(4,5))	150	1040
(((1,2),3),(4,5))	((1,(2,3)),(4,5))	151	985
(((1,2),3),(4,5))	((1,(2,3)),(4,5))	152	907
(((1,2),3),(4,5))	((1,(2,3)),(4,5))	153	909
(((1,2),3),(4,5))	((1,(2,3)),(4,5))	154	955
(((1,2),3),(4,5))	((1,(2,3)),(4,5))	155	956
(((1,2),3),(4,5))	((1,(2,3)),(4,5))	156	900
(((1,2),3),(4,5))	((1,(2,3)),(4,5))	157	843
(((1,2),3),(4,5))	((1,(2,3)),(4,5))	158	844
(((1,2),3),(4,5))	((1,(2,3)),(4,5))	159	860
(((1,2),3),(4,5))	((1,(2,3)),(4,5))	160	812
(((1,2),3),(4,5))	((1,(2,3)),(4,5))	161	799
(((1,2),3),(4,5))	((1,(2,3)),(4,5))	162	805
(((1,2),3),(4,5))	((1,(2,3)),(4,5))	163	781
(((1,2),3),(4,5))	((1,(2,3)),(4,5))	164	759
(((1,2),3),(4,5))	((1,(2,3)),(4,5))	165	739
(((1,2),3),(4,5))	((1,(2,3)),(4,5))	166	716
(((1,2),3),(4,5))	((1,(2,3)),(4,5))	167	727
(((1,2),3),(4,5))	((1,(2,3)),(4,5))	168	743
(((1,2),3),(4,5))	((1,(2,3)),(4,5))	169	697
(((1,2),3),(4,5))	((1,(2,3)),(4,5))	170	690
(((1,2),3),(4,5))	((1,(2,3)),(4,5))	171	634
(((1,2),3),(4,5))	((1,(2,3)),(4,5))	172	674
(((1,2),3),(4,5))	((1,(2,3)),(4,5))	173	623
(((1,2),3),(4,5))	((1,(2,3)),(4,5))	174	617
(((1,2),3),(4,5))	((1,(2,3)),(4,5))	175	691
(((1,2),3),(4,5))	((1,(2,3)),(4,5))	176	604
(((1,2),3),(4,5))	((1,(2,3)),(4,5))	177	591
(((1,2),3),(4,5))	((1,(2,3)),(4,5))	178	605
(((1,2),3),(4,5))	((1,(2,3)),(4,5))	179	584
(((1,2),3),(4,5))	((1,(2,3)),(4,5))	180	539
(((1,2),3),(4,5))	((1,(2,3)),(4,5))	181	567
(((1,2),3),(4,5))	((1,(2,3)),(4,5))	182	587
(((1,2),3),(4,5))	((1,(2,3)),(4,5))	183	536
(((1,2),3),(4,5))	((1,(2,3)),(4,5))	184	523
(((1,2),3),(4,5))	((1,(2,3)),(4,5))	185	490
(((1,2),3),(4,5))	((1,(2,3)),(4,5))	186	507
(((1,2),3),(4,5))	((1,(2,3)),(4,5))	187	494
(((1,2),3),(4,5))	((1,(2,3)),(4,5))	188	468
(((1,2),3),(4,5))	((1,(2,3)),(4,5))	189	482
(((1,2),3),(4,5))	((1,(2,3)),(4,5))	190	450
(((1,2),3),(4,5))	((1,(2,3)),(4,5))	191	467
(((1,2),3),(4,5))	((1,(2,3)),(4,5))	192	456
(((1,2),3),(4,5))	((1,(2,3)),(4,5))	193	462
(((1,2),3),(4,5))	((1,(2,3)),(4,5))	194	429
(((1,2),3),(4,5))	((1,(2,3)),(4,5))	195	407
(((1,2),3),(4,5))	((1,(2,3)),(4,5))	196	423
(((1,2),3),(4,5))	((1,(2,3)),(4,5))	197	395
(((1,2),3),(4,5))	((1,(2,3)),(4,5))	198	424
(((1,2),3),(4,5))	((1,(2,3)),(4,5))	199	361
(((1,2),3),(4,5))	((1,(2,3)),(4,5))	200	382
(((1,2),3),(4,5))	((1,(2,3)),(4,5))	201	400
(((1,2),3),(4,5))	((1,(2,3)),(4,5))	202	375
(((1,2),3),(4,5))	((1,(2,3)),(4,5))	203	391
(((1,2),3),(4,5))	((1,(2,3)),(4,5))	204	349
(((1,2),3),(4,5))	((1,(2,3)),(4,5))	205	384
(((1,2),3),(4,5))	((1,(2,3)),(4,5))	206	360
(((1,2),3),(4,5))	((1,(2,3)),(4,5))	207	364
(((1,2),3),(4,5))	((1,(2,3)),(4,5))	208	317
(((1,2),3),(4,5))	((1,(2,3)),(4,5))	209	344
(((1,2),3),(4,5))	((1,(2,3)),(4,5))	210	294
(((1,2),3),(4,5))	((1,(2,3)),(4,5))	211	306
(((1,2),3),(4,5))	((1,(2,3)),(4,5))	212	311
(((1,2),3),(4,5))	((1,(2,3)),(4,5))	213	325
(((1,2),3),(4,5))	((1,(2,3)),(4,5))	214	247
(((1,2),3),(4,5))	((1,(2,3)),(4,5))	215	311
(((1,2),3),(4,5))	((1,(2,3)),(4,5))	216	294
(((1,2),3),(4,5))	((1,(2,3)),(4,5))	217	286
(((1,2),3),(4,5))	((1,(2,3)),(4,5))	218	296
(((1,2),3),(4,5))	((1,(2,3)),(4,5))	219	243
(((1,2),3),(4,5))	((1,(2,3)),(4,5))	220	265
(((1,2),3),(4,5))	((1,(2,3)),(4,5))	221	256
(((1,2),3),(4,5))	((1,(2,3)),(4,5))	222	264
(((1,2),3),(4,5))	((1,(2,3)),(4,5))	223	294
(((1,2),3),(4,5))	((1,(2,3)),(4,5))	224	225
(((1,2),3),(4,5))	((1,(2,3)),(4,5))	225	269
(((1,2),3),(4,5))	((1,(2,3)),(4,5))	226	241
(((1,2),3),(4,5))	((1,(2,3)),(4,5))	227	207
(((1,2),3),(4,5))	((1,(2,3)),(4,5))	228	233
(((1,2),3),(4,5))	((1,(2,3)),(4,5))	229	245
(((1,2),3),(4,5))	((1,(2,3)),(4,5))	230	216
(((1,2),3),(4,5))	((1,(2,3)),(4,5))	231	226
(((1,2),3),(4,5))	((1,(2,3)),(4,5))	232	197
(((1,2),3),(4,5))	((1,(2,3)),(4,5))	233	213
(((1,2),3),(4,5))	((1,(2,3)),(4,5))	234	200
(((1,2),3),(4,5))	((1,(2,3)),(4,5))	235	197
(((1,2),3),(4,5))	((1,(2,3)),(4,5))	236	221
(((1,2),3),(4,5))	((1,(2,3)),(4,5))	237	182
(((1,2),3),(4,5))	((1,(2,3)),(4,5))	238	206
(((1,2),3),(4,5))	((1,(2,3)),(4,5))	239	167
(((1,2),3),(4,5))	((1,(2,3)),(4,5))	240	194
(((1,2),3),(4,5))	((1,(2,3)),(4,5))	241	175
(((1,2),3),(4,5))	((1,(2,3)),(4,5))	242	180
(((1,2),3),(4,5))	((1,(2,3)),(4,5))	243	177
(((1,2),3),(4,5))	((1,(2,3)),(4,5))	244	185
(((1,2),3),(4,5))	((1,(2,3)),(4,5))	245	179
(((1,2),3),(4,5))	((1,(2,3)),(4,5))	246	175
(((1,2),3),(4,5))	((1,(2,3)),(4,5))	247	140
(((1,2),3),(4,5))	((1,(2,3)),(4,5))	248	171
(((1,2),3),(4,5))	((1,(2,3)),(4,5))	249	160
(((1,2),3),(4,5))	((1,(2,3)),(4,5))	250	142
(((1,2),3),(4,5))	((1,(2,3)),(4,5))	251	145
(((1,2),3),(4,5))	((1,(2,3)),(4,5))	252	156
(((1,2),3),(4,5))	((1,(2,3)),(4,5))	253	143
(((1,2),3),(4,5))	((1,(2,3)),(4,5))	254	136
(((1,2),3),(4,5))	((1,(2,3)),(4,5))	255	157
(((1,2),3),(4,5))	((1,(2,3)),(4,5))	256	117
(((1,2),3),(4,5))	((1,(2,3)),(4,5))	257	137
(((1,2),3),(4,5))	((1,(2,3)),(4,5))	258	141
(((1,2),3),(4,5))	((1,(2,3)),(4,5))	259	104
(((1,2),3),(4,5))	((1,(2,3)),(4,5))	260	136
(((1,2),3),(4,5))	((1,(2,3)),(4,5))	261	125
(((1,2),3),(4,5))	((1,(2,3)),(4,5))	262	132
(((1,2),3),(4,5))	((1,(2,3)),(4,5))	263	110
(((1,2),3),(4,5))	((1,(2,3)),(4,5))	264	118
(((1,2),3),(4,5))	((1,(2,3)),(4,5))	265	102
(((1,2),3),(4,5))	((1,(2,3)),(4,5))	266	113
(((1,2),3),(4,5))	((1,(2,3)),(4,5))	267	102
(((1,2),3),(4,5))	((1,(2,3)),(4,5))	268	107
(((1,2),3),(4,5))	((1,(2,3)),(4,5))	269	102
(((1,2),3),(4,5))	((1,(2,3)),(4,5))	270	97
(((1,2),3),(4,5))	((1,(2,3)),(4,5))	271	99
(((1,2),3),(4,5))	((1,(2,3)),(4,5))	272	93
(((1,2),3),(4,5))	((1,(2,3)),(4,5))	273	108
(((1,2),3),(4,5))	((1,(2,3)),(4,5))	274	93
(((1,2),3),(4,5))	((1,(2,3)),(4,5))	275	105
(((1,2),3),(4,5))	((1,(2,3)),(4,5))	276	69
(((1,2),3),(4,5))	((1,(2,3)),(4,5))	277	87
(((1,2),3),(4,5))	((1,(2,3)),(4,5))	278	114
(((1,2),3),(4,5))	((1,(2,3)),(4,5))	279	84
(((1,2),3),(4,5))	((1,(2,3)),(4,5))	280	96
(((1,2),3),(4,5))	((1,(2,3)),(4,5))	281	60
(((1,2),3),(4,5))	((1,(2,3)),(4,5))	282	86
(((1,2),3),(4,5))	((1,(2,3)),(4,5))	283	84
(((1,2),3),(4,5))	((1,(2,3)),(4,5))	284	89
(((1,2),3),(4,5))	((1,(2,3)),(4,5))	285	87
(((1,2),3),(4,5))	((1,(2,3)),(4,5))	286	81
(((1,2),3),(4,5))	((1,(2,3)),(4,5))	287	67
(((1,2),3),(4,5))	((1,(2,3)),(4,5))	288	73
(((1,2),3),(4,5))	((1,(2,3)),(4,5))	289	74
(((1,2),3),(4,5))	((1,(2,3)),(4,5))	290	65
(((1,2),3),(4,5))	((1,(2,3)),(4,5))	291	54
(((1,2),3),(4,5))	((1,(2,3)),(4,5))	292	57
(((1,2),3),(4,5))	((1,(2,3)),(4,5))	293	70
(((1,2),3),(4,5))	((1,(2,3)),(4,5))	294	67
(((1,2),3),(4,5))	((1,(2,3)),(4,5))	295	66
(((1,2),3),(4,5))	((1,(2,3)),(4,5))	296	57
(((1,2),3),(4,5))	((1,(2,3)),(4,5))	297	68
(((1,2),3),(4,5))	((1,(2,3)),(4,5))	298	58
(((1,2),3),(4,5))	((1,(2,3)),(4,5))	299	60
(((1,2),3),(4,5))	((1,(2,3)),(4,5))	300	47
(((1,2),3),(4,5))	((1,(2,3)),(4,5))	301	51
(((1,2),3),(4,5))	((1,(2,3)),(4,5))	302	60
(((1,2),3),(4,5))	((1,(2,3)),(4,5))	303	69
(((1,2),3),(4,5))	((1,(2,3)),(4,5))	304	48
(((1,2),3),(4,5))	((1,(2,3)),(4,5))	305	55
(((1,2),3),(4,5))	((1,(2,3)),(4,5))	306	54
(((1,2),3),(4,5))	((1,(2,3)),(4,5))	307	45
(((1,2),3),(4,5))	((1,(2,3)),(4,5))	308	49
(((1,2),3),(4,5))	((1,(2,3)),(4,5))	309	48
(((1,2),3),(4,5))	((1,(2,3)),(4,5))	310	52
(((1,2),3),(4,5))	((1,(2,3)),(4,5))	311	42
(((1,2),3),(4,5))	((1,(2,3)),(4,5))	312	56
(((1,2),3),(4,5))	((1,(2,3)),(4,5))	313	44
(((1,2),3),(4,5))	((1,(2,3)),(4,5))	314	53
(((1,2),3),(4,5))	((1,(2,3)),(4,5))	315	41
(((1,2),3),(4,5))	((1,(2,3)),(4,5))	316	46
(((1,2),3),(4,5))	((1,(2,3)),(4,5))	317	43
(((1,2),3),(4,5))	((1,(2,3)),(4,5))	318	44
(((1,2),3),(4,5))	((1,(2,3)),(4,5))	319	36
(((1,2),3),(4,5))	((1,(2,3)),(4,5))	320	28
(((1,2),3),(4,5))	((1,(2,3)),(4,5))	321	55
(((1,2),3),(4,5))	((1,(2,3)),(4,5))	322	35
(((1,2),3),(4,5))	((1,(2,3)),(4,5))	323	48
(((1,2),3),(4,5))	((1,(2,3)),(4,5))	324	30
(((1,2),3),(4,5))	((1,(2,3)),(4,5))	325	41
(((1,2),3),(4,5))	((1,(2,3)),(4,5))	326	37
(((1,2),3),(4,5))	((1,(2,3)),(4,5))	327	38
(((1,2),3),(4,5))	((1,(2,3)),(4,5))	328	32
(((1,2),3),(4,5))	((1,(2,3)),(4,5))	329	42
(((1,2),3),(4,5))	((1,(2,3)),(4,5))	330	21
(((1,2),3),(4,5))	((1,(2,3)),(4,5))	331	37
(((1,2),3),(4,5))	((1,(2,3)),(4,5))	332	24
(((1,2),3),(4,5))	((1,(2,3)),(4,5))	333	41
(((1,2),3),(4,5))	((1,(2,3)),(4,5))	334	43
(((1,2),3),(4,5))	((1,(2,3)),(4,5))	335	30
(((1,2),3),(4,5))	((1,(2,3)),(4,5))	336	36
(((1,2),3),(4,5))	((1,(2,3)),(4,5))	337	25
(((1,2),3),(4,5))	((1,(2,3)),(4,5))	338	28
(((1,2),3),(4,5))	((1,(2,3)),(4,5))	339	22
(((1,2),3),(4,5))	((1,(2,3)),(4,5))	340	17
(((1,2),3),(4,5))	((1,(2,3)),(4,5))	341	16
(((1,2),3),(4,5))	((1,(2,3)),(4,5))	342	26
(((1,2),3),(4,5))	((1,(2,3)),(4,5))	343	33
(((1,2),3),(4,5))	((1,(2,3)),(4,5))	344	28
(((1,2),3),(4,5))	((1,(2,3)),(4,5))	345	13
(((1,2),3),(4,5))	((1,(2,3)),(4,5))	346	35
(((1,2),3),(4,5))	((1,(2,3)),(4,5))	347	19
(((1,2),3),(4,5))	((1,(2,3)),(4,5))	348	31
(((1,2),3),(4,5))	((1,(2,3)),(4,5))	349	20
(((1,2),3),(4,5))	((1,(2,3)),(4,5))	350	18
(((1,2),3),(4,5))	((1,(2,3)),(4,5))	351	23
(((1,2),3),(4,5))	((1,(2,3)),(4,5))	352	17
(((1,2),3),(4,5))	((1,(2,3)),(4,5))	353	13
(((1,2),3),(4,5))	((1,(2,3)),(4,5))	354	28
(((1,2),3),(4,5))	((1,(2,3)),(4,5))	355	26
(((1,2),3),(4,5))	((1,(2,3)),(4,5))	356	7
(((1,2),3),(4,5))	((1,(2,3)),(4,5))	357	24
(((1,2),3),(4,5))	((1,(2,3)),(4,5))	358	11
(((1,2),3),(4,5))	((1,(2,3)),(4,5))	359	17
(((1,2),3),(4,5))	((1,(2,3)),(4,5))	360	18
(((1,2),3),(4,5))	((1,(2,3)),(4,5))	361	17
(((1,2),3),(4,5))	((1,(2,3)),(4,5))	362	14
(((1,2),3),(4,5))	((1,(2,3)),(4,5))	363	15
(((1,2),3),(4,5))	((1,(2,3)),(4,5))	364	19
(((1,2),3),(4,5))	((1,(2,3)),(4,5))	365	17
(((1,2),3),(4,5))	((1,(2,3)),(4,5))	366	16
(((1,2),3),(4,5))	((1,(2,3)),(4,5))	367	12
(((1,2),3),(4,5))	((1,(2,3)),(4,5))	368	13
(((1,2),3),(4,5))	((1,(2,3)),(4,5))	369	19
(((1,2),3),(4,5))	((1,(2,3)),(4,5))	370	21
(((1,2),3),(4,5))	((1,(2,3)),(4,5))	371	14
(((1,2),3),(4,5))	((1,(2,3)),(4,5))	372	14
(((1,2),3),(4,5))	((1,(2,3)),(4,5))	373	12
(((1,2),3),(4,5))	((1,(2,3)),(4,5))	374	12
(((1,2),3),(4,5))	((1,(2,3)),(4,5))	375	5
(((1,2),3),(4,5))	((1,(2,3)),(4,5))	376	19
(((1,2),3),(4,5))	((1,(2,3)),(4,5))	377	18
(((1,2),3),(4,5))	((1,(2,3)),(4,5))	378	10
(((1,2),3),(4,5))	((1,(2,3)),(4,5))	379	15
(((1,2),3),(4,5))	((1,(2,3)),(4,5))	380	17
(((1,2),3),(4,5))	((1,(2,3)),(4,5))	381	20
(((1,2),3),(4,5))	((1,(2,3)),(4,5))	382	8
(((1,2),3),(4,5))	((1,(2,3)),(4,5))	383	16
(((1,2),3),(4,5))	((1,(2,3)),(4,5))	384	11
(((1,2),3),(4,5))	((1,(2,3)),(4,5))	385	13
(((1,2),3),(4,5))	((1,(2,3)),(4,5))	386	11
(((1,2),3),(4,5))	((1,(2,3)),(4,5))	387	9
(((1,2),3),(4,5))	((1,(2,3)),(4,5))	388	13
(((1,2),3),(4,5))	((1,(2,3)),(4,5))	389	11
(((1,2),3),(4,5))	((1,(2,3)),(4,5))	390	10
(((1,2),3),(4,5))	((1,(2,3)),(4,5))	391	10
(((1,2),3),(4,5))	((1,(2,3)),(4,5))	392	8
(((1,2),3),(4,5))	((1,(2,3)),(4,5))	393	6
(((1,2),3),(4,5))	((1,(2,3)),(4,5))	394	13
(((1,2),3),(4,5))	((1,(2,3)),(4,5))	395	14
(((1,2),3),(4,5))	((1,(2,3)),(4,5))	396	19
(((1,2),3),(4,5))	((1,(2,3)),(4,5))	397	10
(((1,2),3),(4,5))	((1,(2,3)),(4,5))	398	11
(((1,2),3),(4,5))	((1,(2,3)),(4,5))	399	11
(((1,2),3),(4,5))	((1,(2,3)),(4,5))	400	9
(((1,2),3),(4,5))	((1,(2,3)),(4,5))	401	10
(((1,2),3),(4,5))	((1,(2,3)),(4,5))	402	11
(((1,2),3),(4,5))	((1,(2,3)),(4,5))	403	11
(((1,2),3),(4,5))	((1,(2,3)),(4,5))	404	7
(((1,2),3),(4,5))	((1,(2,3)),(4,5))	405	7
(((1,2),3),(4,5))	((1,(2,3)),(4,5))	406	9
(((1,2),3),(4,5))	((1,(2,3)),(4,5))	407	3
(((1,2),3),(4,5))	((1,(2,3)),(4,5))	408	10
(((1,2),3),(4,5))	((1,(2,3)),(4,5))	409	4
(((1,2),3),(4,5))	((1,(2,3)),(4,5))	410	10
(((1,2),3),(4,5))	((1,(2,3)),(4,5))	411	8
(((1,2),3),(4,5))	((1,(2,3)),(4,5))	412	4
(((1,2),3),(4,5))	((1,(2,3)),(4,5))	413	7
(((1,2),3),(4,5))	((1,(2,3)),(4,5))	414	8
(((1,2),3),(4,5))	((1,(2,3)),(4,5))	415	4
(((1,2),3),(4,5))	((1,(2,3)),(4,5))	416	9
(((1,2),3),(4,5))	((1,(2,3)),(4,5))	417	8
(((1,2),3),(4,5))	((1,(2,3)),(4,5))	418	3
(((1,2),3),(4,5))	((1,(2,3)),(4,5))	419	7
(((1,2),3),(4,5))	((1,(2,3)),(4,5))	420	5
(((1,2),3),(4,5))	((1,(2,3)),(4,5))	421	3
(((1,2),3),(4,5))	((1,(2,3)),(4,5))	422	5
(((1,2),3),(4,5))	((1,(2,3)),(4,5))	423	2
(((1,2),3),(4,5))	((1,(2,3)),(4,5))	424	4
(((1,2),3),(4,5))	((1,(2,3)),(4,5))	425	7
(((1,2),3),(4,5))	((1,(2,3)),(4,5))	426	7
(((1,2),3),(4,5))	((1,(2,3)),(4,5))	427	6
(((1,2),3),(4,5))	((1,(2,3)),(4,5))	429	6
(((1,2),3),(4,5))	((1,(2,3)),(4,5))	430	3
(((1,2),3),(4,5))	((1,(2,3)),(4,5))	431	8
(((1,2),3),(4,5))	((1,(2,3)),(4,5))	432	3
(((1,2),3),(4,5))	((1,(2,3)),(4,5))	433	6
(((1,2),3),(4,5))	((1,(2,3)),(4,5))	434	5
(((1,2),3),(4,5))	((1,(2,3)),(4,5))	435	2
(((1,2),3),(4,5))	((1,(2,3)),(4,5))	436	4
(((1,2),3),(4,5))	((1,(2,3)),(4,5))	437	4
(((1,2),3),(4,5))	((1,(2,3)),(4,5))	438	2
(((1,2),3),(4,5))	((1,(2,3)),(4,5))	439	7
(((1,2),3),(4,5))	((1,(2,3)),(4,5))	440	4
(((1,2),3),(4,5))	((1,(2,3)),(4,5))	441	1
(((1,2),3),(4,5))	((1,(2,3)),(4,5))	442	5
(((1,2),3),(4,5))	((1,(2,3)),(4,5))	443	3
(((1,2),3),(4,5))	((1,(2,3)),(4,5))	444	3
(((1,2),3),(4,5))	((1,(2,3)),(4,5))	445	3
(((1,2),3),(4,5))	((1,(2,3)),(4,5))	446	3
(((1,2),3),(4,5))	((1,(2,3)),(4,5))	447	8
(((1,2),3),(4,5))	((1,(2,3)),(4,5))	448	5
(((1,2),3),(4,5))	((1,(2,3)),(4,5))	449	2
(((1,2),3),(4,5))	((1,(2,3)),(4,5))	450	4
(((1,2),3),(4,5))	((1,(2,3)),(4,5))	451	3
(((1,2),3),(4,5))	((1,(2,3)),(4,5))	452	5
(((1,2),3),(4,5))	((1,(2,3)),(4,5))	453	4
(((1,2),3),(4,5))	((1,(2,3)),(4,5))	454	6
(((1,2),3),(4,5))	((1,(2,3)),(4,5))	455	2
(((1,2),3),(4,5))	((1,(2,3)),(4,5))	456	3
(((1,2),3),(4,5))	((1,(2,3)),(4,5))	457	6
(((1,2),3),(4,5))	((1,(2,3)),(4,5))	458	3
(((1,2),3),(4,5))	((1,(2,3)),(4,5))	459	2
(((1,2),3),(4,5))	((1,(2,3)),(4,5))	460	4
(((1,2),3),(4,5))	((1,(2,3)),(4,5))	461	2
(((1,2),3),(4,5))	((1,(2,3)),(4,5))	462	3
(((1,2),3),(4,5))	((1,(2,3)),(4,5))	463	4
(((1,2),3),(4,5))	((1,(2,3)),(4,5))	464	3
(((1,2),3),(4,5))	((1,(2,3)),(4,5))	465	5
(((1,2),3),(4,5))	((1,(2,3)),(4,5))	466	1
(((1,2),3),(4,5))	((1,(2,3)),(4,5))	467	2
(((1,2),3),(4,5))	((1,(2,3)),(4,5))	468	4
(((1,2),3),(4,5))	((1,(2,3)),(4,5))	469	2
(((1,2),3),(4,5))	((1,(2,3)),(4,5))	470	1
(((1,2),3),(4,5))	((1,(2,3)),(4,5))	471	1
(((1,2),3),(4,5))	((1,(2,3)),(4,5))	472	3
(((1,2),3),(4,5))	((1,(2,3)),(4,5))	473	3
(((1,2),3),(4,5))	((1,(2,3)),(4,5))	474	2
(((1,2),3),(4,5))	((1,(2,3)),(4,5))	475	1
(((1,2),3),(4,5))	((1,(2,3)),(4,5))	477	6
(((1,2),3),(4,5))	((1,(2,3)),(4,5))	478	1
(((1,2),3),(4,5))	((1,(2,3)),(4,5))	480	5
(((1,2),3),(4,5))	((1,(2,3)),(4,5))	481	3
(((1,2),3),(4,5))	((1,(2,3)),(4,5))	482	5
(((1,2),3),(4,5))	((1,(2,3)),(4,5))	483	3
(((1,2),3),(4,5))	((1,(2,3)),(4,5))	484	4
(((1,2),3),(4,5))	((1,(2,3)),(4,5))	485	2
(((1,2),3),(4,5))	((1,(2,3)),(4,5))	486	2
(((1,2),3),(4,5))	((1,(2,3)),(4,5))	488	3
(((1,2),3),(4,5))	((1,(2,3)),(4,5))	489	1
(((1,2),3),(4,5))	((1,(2,3)),(4,5))	490	1
(((1,2),3),(4,5))	((1,(2,3)),(4,5))	491	1
(((1,2),3),(4,5))	((1,(2,3)),(4,5))	492	2
(((1,2),3),(4,5))	((1,(2,3)),(4,5))	494	2
(((1,2),3),(4,5))	((1,(2,3)),(4,5))	496	1
(((1,2),3),(4,5))	((1,(2,3)),(4,5))	497	2
(((1,2),3),(4,5))	((1,(2,3)),(4,5))	498	2
(((1,2),3),(4,5))	((1,(2,3)),(4,5))	501	1
(((1,2),3),(4,5))	((1,(2,3)),(4,5))	507	1
(((1,2),3),(4,5))	((1,(2,3)),(4,5))	508	3
(((1,2),3),(4,5))	((1,(2,3)),(4,5))	509	1
(((1,2),3),(4,5))	((1,(2,3)),(4,5))	510	4
(((1,2),3),(4,5))	((1,(2,3)),(4,5))	512	1
(((1,2),3),(4,5))	((1,(2,3)),(4,5))	514	1
(((1,2),3),(4,5))	((1,(2,3)),(4,5))	516	2
(((1,2),3),(4,5))	((1,(2,3)),(4,5))	518	1
(((1,2),3),(4,5))	((1,(2,3)),(4,5))	521	2
(((1,2),3),(4,5))	((1,(2,3)),(4,5))	522	1
(((1,2),3),(4,5))	((1,(2,3)),(4,5))	524	1
(((1,2),3),(4,5))	((1,(2,3)),(4,5))	525	3
(((1,2),3),(4,5))	((1,(2,3)),(4,5))	526	1
(((1,2),3),(4,5))	((1,(2,3)),(4,5))	530	1
(((1,2),3),(4,5))	((1,(2,3)),(4,5))	533	1
(((1,2),3),(4,5))	((1,(2,3)),(4,5))	534	1
(((1,2),3),(4,5))	((1,(2,3)),(4,5))	538	1
(((1,2),3),(4,5))	((1,(2,3)),(4,5))	540	2
(((1,2),3),(4,5))	((1,(2,3)),(4,5))	541	2
(((1,2),3),(4,5))	((1,(2,3)),(4,5))	544	1
(((1,2),3),(4,5))	((1,(2,3)),(4,5))	546	2
(((1,2),3),(4,5))	((1,(2,3)),(4,5))	547	2
(((1,2),3),(4,5))	((1,(2,3)),(4,5))	548	2
(((1,2),3),(4,5))	((1,(2,3)),(4,5))	552	2
(((1,2),3),(4,5))	((1,(2,3)),(4,5))	560	1
(((1,2),3),(4,5))	((1,(2,3)),(4,5))	572	1
(((1,2),3),(4,5))	((1,(2,3)),(4,5))	574	1
(((1,2),3),(4,5))	((1,(2,3)),(4,5))	579	1
(((1,2),3),(4,5))	((1,(2,3)),(4,5))	586	1
(((1,2),3),(4,5))	((1,(2,3)),(4,5))	591	1
(((1,2),3),(4,5))	((1,(2,3)),(4,5))	595	2
(((1,2),3),(4,5))	((1,(2,3)),(4,5))	596	1
(((1,2),3),(4,5))	((1,(2,3)),(4,5))	601	1
(((1,2),3),(4,5))	((1,(2,3)),(4,5))	603	1
(((1,2),3),(4,5))	((1,(2,3)),(4,5))	613	1
(((1,2),3),(4,5))	((1,(2,3)),(4,5))	614	1
(((1,2),3),(4,5))	((1,(2,3)),(4,5))	615	1
(((1,2),3),(4,5))	((1,(2,3)),(4,5))	617	1
(((1,2),3),(4,5))	((1,(2,3)),(4,5))	618	1
(((1,2),3),(4,5))	((1,(2,3)),(4,5))	625	2
(((1,2),3),(4,5))	((1,(2,3)),(4,5))	630	1
(((1,2),3),(4,5))	((1,(2,3)),(4,5))	634	1
(((1,2),3),(4,5))	((1,(2,3)),(4,5))	640	1
(((1,2),3),(4,5))	((1,(2,3)),(4,5))	648	1
(((1,2),3),(4,5))	((1,(2,3)),(4,5))	692	1
(((1,2),3),(4,5))	((1,(2,3)),(4,5))	708	1
((1,(2,3)),(4,5))	(((1,2),3),(4,5))	1	34765
((1,(2,3)),(4,5))	(((1,2),3),(4,5))	2	28637
((1,(2,3)),(4,5))	(((1,2),3),(4,5))	3	24165
((1,(2,3)),(4,5))	(((1,2),3),(4,5))	4	21325
((1,(2,3)),(4,5))	(((1,2),3),(4,5))	5	19752
((1,(2,3)),(4,5))	(((1,2),3),(4,5))	6	18321
((1,(2,3)),(4,5))	(((1,2),3),(4,5))	7	17446
((1,(2,3)),(4,5))	(((1,2),3),(4,5))	8	16776
((1,(2,3)),(4,5))	(((1,2),3),(4,5))	9	16414
((1,(2,3)),(4,5))	(((1,2),3),(4,5))	10	15697
((1,(2,3)),(4,5))	(((1,2),3),(4,5))	11	15317
((1,(2,3)),(4,5))	(((1,2),3),(4,5))	12	14972
((1,(2,3)),(4,5))	(((1,2),3),(4,5))	13	14603
((1,(2,3)),(4,5))	(((1,2),3),(4,5))	14	14360
((1,(2,3)),(4,5))	(((1,2),3),(4,5))	15	14058
((1,(2,3)),(4,5))	(((1,2),3),(4,5))	16	13785
((1,(2,3)),(4,5))	(((1,2),3),(4,5))	17	13409
((1,(2,3)),(4,5))	(((1,2),3),(4,5))	18	13135
((1,(2,3)),(4,5))	(((1,2),3),(4,5))	19	12682
((1,(2,3)),(4,5))	(((1,2),3),(4,5))	20	12746
((1,(2,3)),(4,5))	(((1,2),3),(4,5))	21	12354
((1,(2,3)),(4,5))	(((1,2),3),(4,5))	22	11823
((1,(2,3)),(4,5))	(((1,2),3),(4,5))	23	11697
((1,(2,3)),(4,5))	(((1,2),3),(4,5))	24	11434
((1,(2,3)),(4,5))	(((1,2),3),(4,5))	25	11323
((1,(2,3)),(4,5))	(((1,2),3),(4,5))	26	11078
((1,(2,3)),(4,5))	(((1,2),3),(4,5))	27	10884
((1,(2,3)),(4,5))	(((1,2),3),(4,5))	28	10544
((1,(2,3)),(4,5))	(((1,2),3),(4,5))	29	10293
((1,(2,3)),(4,5))	(((1,2),3),(4,5))	30	10157
((1,(2,3)),(4,5))	(((1,2),3),(4,5))	31	9874
((1,(2,3)),(4,5))	(((1,2),3),(4,5))	32	9849
((1,(2,3)),(4,5))	(((1,2),3),(4,5))	33	9664
((1,(2,3)),(4,5))	(((1,2),3),(4,5))	34	9316
((1,(2,3)),(4,5))	(((1,2),3),(4,5))	35	9142
((1,(2,3)),(4,5))	(((1,2),3),(4,5))	36	8964
((1,(2,3)),(4,5))	(((1,2),3),(4,5))	37	8630
((1,(2,3)),(4,5))	(((1,2),3),(4,5))	38	8432
((1,(2,3)),(4,5))	(((1,2),3),(4,5))	39	8619
((1,(2,3)),(4,5))	(((1,2),3),(4,5))	40	8346
((1,(2,3)),(4,5))	(((1,2),3),(4,5))	41	8092
((1,(2,3)),(4,5))	(((1,2),3),(4,5))	42	8074
((1,(2,3)),(4,5))	(((1,2),3),(4,5))	43	7810
((1,(2,3)),(4,5))	(((1,2),3),(4,5))	44	7542
((1,(2,3)),(4,5))	(((1,2),3),(4,5))	45	7407
((1,(2,3)),(4,5))	(((1,2),3),(4,5))	46	7234
((1,(2,3)),(4,5))	(((1,2),3),(4,5))	47	7146
((1,(2,3)),(4,5))	(((1,2),3),(4,5))	48	6956
((1,(2,3)),(4,5))	(((1,2),3),(4,5))	49	7001
((1,(2,3)),(4,5))	(((1,2),3),(4,5))	50	6827
((1,(2,3)),(4,5))	(((1,2),3),(4,5))	51	6707
((1,(2,3)),(4,5))	(((1,2),3),(4,5))	52	6460
((1,(2,3)),(4,5))	(((1,2),3),(4,5))	53	6443
((1,(2,3)),(4,5))	(((1,2),3),(4,5))	54	6072
((1,(2,3)),(4,5))	(((1,2),3),(4,5))	55	6060
((1,(2,3)),(4,5))	(((1,2),3),(4,5))	56	6040
((1,(2,3)),(4,5))	(((1,2),3),(4,5))	57	5892
((1,(2,3)),(4,5))	(((1,2),3),(4,5))	58	5784
((1,(2,3)),(4,5))	(((1,2),3),(4,5))	59	5803
((1,(2,3)),(4,5))	(((1,2),3),(4,5))	60	5627
((1,(2,3)),(4,5))	(((1,2),3),(4,5))	61	5369
((1,(2,3)),(4,5))	(((1,2),3),(4,5))	62	5352
((1,(2,3)),(4,5))	(((1,2),3),(4,5))	63	5153
((1,(2,3)),(4,5))	(((1,2),3),(4,5))	64	5146
((1,(2,3)),(4,5))	(((1,2),3),(4,5))	65	5055
((1,(2,3)),(4,5))	(((1,2),3),(4,5))	66	4935
((1,(2,3)),(4,5))	(((1,2),3),(4,5))	67	4878
((1,(2,3)),(4,5))	(((1,2),3),(4,5))	68	4822
((1,(2,3)),(4,5))	(((1,2),3),(4,5))	69	4626
((1,(2,3)),(4,5))	(((1,2),3),(4,5))	70	4487
((1,(2,3)),(4,5))	(((1,2),3),(4,5))	71	4398
((1,(2,3)),(4,5))	(((1,2),3),(4,5))	72	4533
((1,(2,3)),(4,5))	(((1,2),3),(4,5))	73	4385
((1,(2,3)),(4,5))	(((1,2),3),(4,5))	74	4363
((1,(2,3)),(4,5))	(((1,2),3),(4,5))	75	4125
((1,(2,3)),(4,5))	(((1,2),3),(4,5))	76	4174
((1,(2,3)),(4,5))	(((1,2),3),(4,5))	77	3998
((1,(2,3)),(4,5))	(((1,2),3),(4,5))	78	3887
((1,(2,3)),(4,5))	(((1,2),3),(4,5))	79	3931
((1,(2,3)),(4,5))	(((1,2),3),(4,5))	80	3826
((1,(2,3)),(4,5))	(((1,2),3),(4,5))	81	3781
((1,(2,3)),(4,5))	(((1,2),3),(4,5))	82	3595
((1,(2,3)),(4,5))	(((1,2),3),(4,5))	83	3674
((1,(2,3)),(4,5))	(((1,2),3),(4,5))	84	3507
((1,(2,3)),(4,5))	(((1,2),3),(4,5))	85	3382
((1,(2,3)),(4,5))	(((1,2),3),(4,5))	86	3342
((1,(2,3)),(4,5))	(((1,2),3),(4,5))	87	3371
((1,(2,3)),(4,5))	(((1,2),3),(4,5))	88	3117
((1,(2,3)),(4,5))	(((1,2),3),(4,5))	89	3185
((1,(2,3)),(4,5))	(((1,2),3),(4,5))	90	3058
((1,(2,3)),(4,5))	(((1,2),3),(4,5))	91	3066
((1,(2,3)),(4,5))	(((1,2),3),(4,5))	92	2974
((1,(2,3)),(4,5))	(((1,2),3),(4,5))	93	3011
((1,(2,3)),(4,5))	(((1,2),3),(4,5))	94	2956
((1,(2,3)),(4,5))	(((1,2),3),(4,5))	95	2855
((1,(2,3)),(4,5))	(((1,2),3),(4,5))	96	2765
((1,(2,3)),(4,5))	(((1,2),3),(4,5))	97	2741
((1,(2,3)),(4,5))	(((1,2),3),(4,5))	98	2589
((1,(2,3)),(4,5))	(((1,2),3),(4,5))	99	2699
((1,(2,3)),(4,5))	(((1,2),3),(4,5))	100	2516
((1,(2,3)),(4,5))	(((1,2),3),(4,5))	101	2502
((1,(2,3)),(4,5))	(((1,2),3),(4,5))	102	2507
((1,(2,3)),(4,5))	(((1,2),3),(4,5))	103	2478
((1,(2,3)),(4,5))	(((1,2),3),(4,5))	104	2420
((1,(2,3)),(4,5))	(((1,2),3),(4,5))	105	2317
((1,(2,3)),(4,5))	(((1,2),3),(4,5))	106	2353
((1,(2,3)),(4,5))	(((1,2),3),(4,5))	107	2193
((1,(2,3)),(4,5))	(((1,2),3),(4,5))	108	2191
((1,(2,3)),(4,5))	(((1,2),3),(4,5))	109	2099
((1,(2,3)),(4,5))	(((1,2),3),(4,5))	110	2100
((1,(2,3)),(4,5))	(((1,2),3),(4,5))	111	2055
((1,(2,3)),(4,5))	(((1,2),3),(4,5))	112	1995
((1,(2,3)),(4,5))	(((1,2),3),(4,5))	113	1963
((1,(2,3)),(4,5))	(((1,2),3),(4,5))	114	1881
((1,(2,3)),(4,5))	(((1,2),3),(4,5))	115	1918
((1,(2,3)),(4,5))	(((1,2),3),(4,5))	116	1947
((1,(2,3)),(4,5))	(((1,2),3),(4,5))	117	1883
((1,(2,3)),(4,5))	(((1,2),3),(4,5))	118	1796
((1,(2,3)),(4,5))	(((1,2),3),(4,5))	119	1694
((1,(2,3)),(4,5))	(((1,2),3),(4,5))	120	1731
((1,(2,3)),(4,5))	(((1,2),3),(4,5))	121	1740
((1,(2,3)),(4,5))	(((1,2),3),(4,5))	122	1626
((1,(2,3)),(4,5))	(((1,2),3),(4,5))	123	1689
((1,(2,3)),(4,5))	(((1,2),3),(4,5))	124	1523
((1,(2,3)),(4,5))	(((1,2),3),(4,5))	125	1525
((1,(2,3)),(4,5))	(((1,2),3),(4,5))	126	1557
((1,(2,3)),(4,5))	(((1,2),3),(4,5))	127	1508
((1,(2,3)),(4,5))	(((1,2),3),(4,5))	128	1455
((1,(2,3)),(4,5))	(((1,2),3),(4,5))	129	1478
((1,(2,3)),(4,5))	(((1,2),3),(4,5))	130	1396
((1,(2,3)),(4,5))	(((1,2),3),(4,5))	131	1450
((1,(2,3)),(4,5))	(((1,2),3),(4,5))	132	1443
((1,(2,3)),(4,5))	(((1,2),3),(4,5))	133	1387
((1,(2,3)),(4,5))	(((1,2),3),(4,5))	134	1316
((1,(2,3)),(4,5))	(((1,2),3),(4,5))	135	1346
((1,(2,3)),(4,5))	(((1,2),3),(4,5))	136	1314
((1,(2,3)),(4,5))	(((1,2),3),(4,5))	137	1288
((1,(2,3)),(4,5))	(((1,2),3),(4,5))	138	1224
((1,(2,3)),(4,5))	(((1,2),3),(4,5))	139	1232
((1,(2,3)),(4,5))	(((1,2),3),(4,5))	140	1214
((1,(2,3)),(4,5))	(((1,2),3),(4,5))	141	1162
((1,(2,3)),(4,5))	(((1,2),3),(4,5))	142	1129
((1,(2,3)),(4,5))	(((1,2),3),(4,5))	143	1174
((1,(2,3)),(4,5))	(((1,2),3),(4,5))	144	1129
((1,(2,3)),(4,5))	(((1,2),3),(4,5))	145	1129
((1,(2,3)),(4,5))	(((1,2),3),(4,5))	146	1110
((1,(2,3)),(4,5))	(((1,2),3),(4,5))	147	1083
((1,(2,3)),(4,5))	(((1,2),3),(4,5))	148	1062
((1,(2,3)),(4,5))	(((1,2),3),(4,5))	149	1047
((1,(2,3)),(4,5))	(((1,2),3),(4,5))	150	1007
((1,(2,3)),(4,5))	(((1,2),3),(4,5))	151	996
((1,(2,3)),(4,5))	(((1,2),3),(4,5))	152	925
((1,(2,3)),(4,5))	(((1,2),3),(4,5))	153	990
((1,(2,3)),(4,5))	(((1,2),3),(4,5))	154	939
((1,(2,3)),(4,5))	(((1,2),3),(4,5))	155	881
((1,(2,3)),(4,5))	(((1,2),3),(4,5))	156	885
((1,(2,3)),(4,5))	(((1,2),3),(4,5))	157	864
((1,(2,3)),(4,5))	(((1,2),3),(4,5))	158	803
((1,(2,3)),(4,5))	(((1,2),3),(4,5))	159	860
((1,(2,3)),(4,5))	(((1,2),3),(4,5))	160	845
((1,(2,3)),(4,5))	(((1,2),3),(4,5))	161	783
((1,(2,3)),(4,5))	(((1,2),3),(4,5))	162	770
((1,(2,3)),(4,5))	(((1,2),3),(4,5))	163	771
((1,(2,3)),(4,5))	(((1,2),3),(4,5))	164	776
((1,(2,3)),(4,5))	(((1,2),3),(4,5))	165	745
((1,(2,3)),(4,5))	(((1,2),3),(4,5))	166	730
((1,(2,3)),(4,5))	(((1,2),3),(4,5))	167	734
((1,(2,3)),(4,5))	(((1,2),3),(4,5))	168	702
((1,(2,3)),(4,5))	(((1,2),3),(4,5))	169	680
((1,(2,3)),(4,5))	(((1,2),3),(4,5))	170	721
((1,(2,3)),(4,5))	(((1,2),3),(4,5))	171	659
((1,(2,3)),(4,5))	(((1,2),3),(4,5))	172	626
((1,(2,3)),(4,5))	(((1,2),3),(4,5))	173	655
((1,(2,3)),(4,5))	(((1,2),3),(4,5))	174	630
((1,(2,3)),(4,5))	(((1,2),3),(4,5))	175	570
((1,(2,3)),(4,5))	(((1,2),3),(4,5))	176	591
((1,(2,3)),(4,5))	(((1,2),3),(4,5))	177	541
((1,(2,3)),(4,5))	(((1,2),3),(4,5))	178	542
((1,(2,3)),(4,5))	(((1,2),3),(4,5))	179	582
((1,(2,3)),(4,5))	(((1,2),3),(4,5))	180	534
((1,(2,3)),(4,5))	(((1,2),3),(4,5))	181	570
((1,(2,3)),(4,5))	(((1,2),3),(4,5))	182	544
((1,(2,3)),(4,5))	(((1,2),3),(4,5))	183	526
((1,(2,3)),(4,5))	(((1,2),3),(4,5))	184	516
((1,(2,3)),(4,5))	(((1,2),3),(4,5))	185	527
((1,(2,3)),(4,5))	(((1,2),3),(4,5))	186	511
((1,(2,3)),(4,5))	(((1,2),3),(4,5))	187	491
((1,(2,3)),(4,5))	(((1,2),3),(4,5))	188	498
((1,(2,3)),(4,5))	(((1,2),3),(4,5))	189	470
((1,(2,3)),(4,5))	(((1,2),3),(4,5))	190	429
((1,(2,3)),(4,5))	(((1,2),3),(4,5))	191	480
((1,(2,3)),(4,5))	(((1,2),3),(4,5))	192	423
((1,(2,3)),(4,5))	(((1,2),3),(4,5))	193	419
((1,(2,3)),(4,5))	(((1,2),3),(4,5))	194	420
((1,(2,3)),(4,5))	(((1,2),3),(4,5))	195	417
((1,(2,3)),(4,5))	(((1,2),3),(4,5))	196	427
((1,(2,3)),(4,5))	(((1,2),3),(4,5))	197	408
((1,(2,3)),(4,5))	(((1,2),3),(4,5))	198	407
((1,(2,3)),(4,5))	(((1,2),3),(4,5))	199	340
((1,(2,3)),(4,5))	(((1,2),3),(4,5))	200	368
((1,(2,3)),(4,5))	(((1,2),3),(4,5))	201	377
((1,(2,3)),(4,5))	(((1,2),3),(4,5))	202	388
((1,(2,3)),(4,5))	(((1,2),3),(4,5))	203	347
((1,(2,3)),(4,5))	(((1,2),3),(4,5))	204	403
((1,(2,3)),(4,5))	(((1,2),3),(4,5))	205	326
((1,(2,3)),(4,5))	(((1,2),3),(4,5))	206	352
((1,(2,3)),(4,5))	(((1,2),3),(4,5))	207	341
((1,(2,3)),(4,5))	(((1,2),3),(4,5))	208	324
((1,(2,3)),(4,5))	(((1,2),3),(4,5))	209	332
((1,(2,3)),(4,5))	(((1,2),3),(4,5))	210	320
((1,(2,3)),(4,5))	(((1,2),3),(4,5))	211	328
((1,(2,3)),(4,5))	(((1,2),3),(4,5))	212	302
((1,(2,3)),(4,5))	(((1,2),3),(4,5))	213	312
((1,(2,3)),(4,5))	(((1,2),3),(4,5))	214	288
((1,(2,3)),(4,5))	(((1,2),3),(4,5))	215	284
((1,(2,3)),(4,5))	(((1,2),3),(4,5))	216	284
((1,(2,3)),(4,5))	(((1,2),3),(4,5))	217	262
((1,(2,3)),(4,5))	(((1,2),3),(4,5))	218	289
((1,(2,3)),(4,5))	(((1,2),3),(4,5))	219	264
((1,(2,3)),(4,5))	(((1,2),3),(4,5))	220	281
((1,(2,3)),(4,5))	(((1,2),3),(4,5))	221	252
((1,(2,3)),(4,5))	(((1,2),3),(4,5))	222	274
((1,(2,3)),(4,5))	(((1,2),3),(4,5))	223	268
((1,(2,3)),(4,5))	(((1,2),3),(4,5))	224	234
((1,(2,3)),(4,5))	(((1,2),3),(4,5))	225	217
((1,(2,3)),(4,5))	(((1,2),3),(4,5))	226	232
((1,(2,3)),(4,5))	(((1,2),3),(4,5))	227	239
((1,(2,3)),(4,5))	(((1,2),3),(4,5))	228	207
((1,(2,3)),(4,5))	(((1,2),3),(4,5))	229	222
((1,(2,3)),(4,5))	(((1,2),3),(4,5))	230	222
((1,(2,3)),(4,5))	(((1,2),3),(4,5))	231	192
((1,(2,3)),(4,5))	(((1,2),3),(4,5))	232	190
((1,(2,3)),(4,5))	(((1,2),3),(4,5))	233	182
((1,(2,3)),(4,5))	(((1,2),3),(4,5))	234	208
((1,(2,3)),(4,5))	(((1,2),3),(4,5))	235	209
((1,(2,3)),(4,5))	(((1,2),3),(4,5))	236	188
((1,(2,3)),(4,5))	(((1,2),3),(4,5))	237	187
((1,(2,3)),(4,5))	(((1,2),3),(4,5))	238	212
((1,(2,3)),(4,5))	(((1,2),3),(4,5))	239	182
((1,(2,3)),(4,5))	(((1,2),3),(4,5))	240	181
((1,(2,3)),(4,5))	(((1,2),3),(4,5))	241	173
((1,(2,3)),(4,5))	(((1,2),3),(4,5))	242	174
((1,(2,3)),(4,5))	(((1,2),3),(4,5))	243	175
((1,(2,3)),(4,5))	(((1,2),3),(4,5))	244	160
((1,(2,3)),(4,5))	(((1,2),3),(4,5))	245	158
((1,(2,3)),(4,5))	(((1,2),3),(4,5))	246	154
((1,(2,3)),(4,5))	(((1,2),3),(4,5))	247	158
((1,(2,3)),(4,5))	(((1,2),3),(4,5))	248	137
((1,(2,3)),(4,5))	(((1,2),3),(4,5))	249	146
((1,(2,3)),(4,5))	(((1,2),3),(4,5))	250	120
((1,(2,3)),(4,5))	(((1,2),3),(4,5))	251	165
((1,(2,3)),(4,5))	(((1,2),3),(4,5))	252	148
((1,(2,3)),(4,5))	(((1,2),3),(4,5))	253	159
((1,(2,3)),(4,5))	(((1,2),3),(4,5))	254	134
((1,(2,3)),(4,5))	(((1,2),3),(4,5))	255	137
((1,(2,3)),(4,5))	(((1,2),3),(4,5))	256	136
((1,(2,3)),(4,5))	(((1,2),3),(4,5))	257	131
((1,(2,3)),(4,5))	(((1,2),3),(4,5))	258	114
((1,(2,3)),(4,5))	(((1,2),3),(4,5))	259	148
((1,(2,3)),(4,5))	(((1,2),3),(4,5))	260	120
((1,(2,3)),(4,5))	(((1,2),3),(4,5))	261	140
((1,(2,3)),(4,5))	(((1,2),3),(4,5))	262	114
((1,(2,3)),(4,5))	(((1,2),3),(4,5))	263	107
((1,(2,3)),(4,5))	(((1,2),3),(4,5))	264	125
((1,(2,3)),(4,5))	(((1,2),3),(4,5))	265	130
((1,(2,3)),(4,5))	(((1,2),3),(4,5))	266	118
((1,(2,3)),(4,5))	(((1,2),3),(4,5))	267	97
((1,(2,3)),(4,5))	(((1,2),3),(4,5))	268	97
((1,(2,3)),(4,5))	(((1,2),3),(4,5))	269	108
((1,(2,3)),(4,5))	(((1,2),3),(4,5))	270	102
((1,(2,3)),(4,5))	(((1,2),3),(4,5))	271	115
((1,(2,3)),(4,5))	(((1,2),3),(4,5))	272	117
((1,(2,3)),(4,5))	(((1,2),3),(4,5))	273	103
((1,(2,3)),(4,5))	(((1,2),3),(4,5))	274	98
((1,(2,3)),(4,5))	(((1,2),3),(4,5))	275	95
((1,(2,3)),(4,5))	(((1,2),3),(4,5))	276	105
((1,(2,3)),(4,5))	(((1,2),3),(4,5))	277	92
((1,(2,3)),(4,5))	(((1,2),3),(4,5))	278	80
((1,(2,3)),(4,5))	(((1,2),3),(4,5))	279	82
((1,(2,3)),(4,5))	(((1,2),3),(4,5))	280	81
((1,(2,3)),(4,5))	(((1,2),3),(4,5))	281	80
((1,(2,3)),(4,5))	(((1,2),3),(4,5))	282	89
((1,(2,3)),(4,5))	(((1,2),3),(4,5))	283	65
((1,(2,3)),(4,5))	(((1,2),3),(4,5))	284	101
((1,(2,3)),(4,5))	(((1,2),3),(4,5))	285	83
((1,(2,3)),(4,5))	(((1,2),3),(4,5))	286	89
((1,(2,3)),(4,5))	(((1,2),3),(4,5))	287	99
((1,(2,3)),(4,5))	(((1,2),3),(4,5))	288	66
((1,(2,3)),(4,5))	(((1,2),3),(4,5))	289	87
((1,(2,3)),(4,5))	(((1,2),3),(4,5))	290	80
((1,(2,3)),(4,5))	(((1,2),3),(4,5))	291	60
((1,(2,3)),(4,5))	(((1,2),3),(4,5))	292	61
((1,(2,3)),(4,5))	(((1,2),3),(4,5))	293	72
((1,(2,3)),(4,5))	(((1,2),3),(4,5))	294	72
((1,(2,3)),(4,5))	(((1,2),3),(4,5))	295	71
((1,(2,3)),(4,5))	(((1,2),3),(4,5))	296	58
((1,(2,3)),(4,5))	(((1,2),3),(4,5))	297	70
((1,(2,3)),(4,5))	(((1,2),3),(4,5))	298	56
((1,(2,3)),(4,5))	(((1,2),3),(4,5))	299	72
((1,(2,3)),(4,5))	(((1,2),3),(4,5))	300	63
((1,(2,3)),(4,5))	(((1,2),3),(4,5))	301	66
((1,(2,3)),(4,5))	(((1,2),3),(4,5))	302	38
((1,(2,3)),(4,5))	(((1,2),3),(4,5))	303	45
((1,(2,3)),(4,5))	(((1,2),3),(4,5))	304	65
((1,(2,3)),(4,5))	(((1,2),3),(4,5))	305	53
((1,(2,3)),(4,5))	(((1,2),3),(4,5))	306	65
((1,(2,3)),(4,5))	(((1,2),3),(4,5))	307	45
((1,(2,3)),(4,5))	(((1,2),3),(4,5))	308	46
((1,(2,3)),(4,5))	(((1,2),3),(4,5))	309	39
((1,(2,3)),(4,5))	(((1,2),3),(4,5))	310	51
((1,(2,3)),(4,5))	(((1,2),3),(4,5))	311	45
((1,(2,3)),(4,5))	(((1,2),3),(4,5))	312	45
((1,(2,3)),(4,5))	(((1,2),3),(4,5))	313	43
((1,(2,3)),(4,5))	(((1,2),3),(4,5))	314	43
((1,(2,3)),(4,5))	(((1,2),3),(4,5))	315	53
((1,(2,3)),(4,5))	(((1,2),3),(4,5))	316	45
((1,(2,3)),(4,5))	(((1,2),3),(4,5))	317	24
((1,(2,3)),(4,5))	(((1,2),3),(4,5))	318	37
((1,(2,3)),(4,5))	(((1,2),3),(4,5))	319	31
((1,(2,3)),(4,5))	(((1,2),3),(4,5))	320	40
((1,(2,3)),(4,5))	(((1,2),3),(4,5))	321	42
((1,(2,3)),(4,5))	(((1,2),3),(4,5))	322	33
((1,(2,3)),(4,5))	(((1,2),3),(4,5))	323	37
((1,(2,3)),(4,5))	(((1,2),3),(4,5))	324	46
((1,(2,3)),(4,5))	(((1,2),3),(4,5))	325	37
((1,(2,3)),(4,5))	(((1,2),3),(4,5))	326	31
((1,(2,3)),(4,5))	(((1,2),3),(4,5))	327	32
((1,(2,3)),(4,5))	(((1,2),3),(4,5))	328	36
((1,(2,3)),(4,5))	(((1,2),3),(4,5))	329	26
((1,(2,3)),(4,5))	(((1,2),3),(4,5))	330	34
((1,(2,3)),(4,5))	(((1,2),3),(4,5))	331	25
((1,(2,3)),(4,5))	(((1,2),3),(4,5))	332	33
((1,(2,3)),(4,5))	(((1,2),3),(4,5))	333	24
((1,(2,3)),(4,5))	(((1,2),3),(4,5))	334	31
((1,(2,3)),(4,5))	(((1,2),3),(4,5))	335	34
((1,(2,3)),(4,5))	(((1,2),3),(4,5))	336	32
((1,(2,3)),(4,5))	(((1,2),3),(4,5))	337	38
((1,(2,3)),(4,5))	(((1,2),3),(4,5))	338	20
((1,(2,3)),(4,5))	(((1,2),3),(4,5))	339	26
((1,(2,3)),(4,5))	(((1,2),3),(4,5))	340	24
((1,(2,3)),(4,5))	(((1,2),3),(4,5))	341	23
((1,(2,3)),(4,5))	(((1,2),3),(4,5))	342	28
((1,(2,3)),(4,5))	(((1,2),3),(4,5))	343	22
((1,(2,3)),(4,5))	(((1,2),3),(4,5))	344	26
((1,(2,3)),(4,5))	(((1,2),3),(4,5))	345	19
((1,(2,3)),(4,5))	(((1,2),3),(4,5))	346	31
((1,(2,3)),(4,5))	(((1,2),3),(4,5))	347	27
((1,(2,3)),(4,5))	(((1,2),3),(4,5))	348	29
((1,(2,3)),(4,5))	(((1,2),3),(4,5))	349	32
((1,(2,3)),(4,5))	(((1,2),3),(4,5))	350	28
((1,(2,3)),(4,5))	(((1,2),3),(4,5))	351	18
((1,(2,3)),(4,5))	(((1,2),3),(4,5))	352	27
((1,(2,3)),(4,5))	(((1,2),3),(4,5))	353	26
((1,(2,3)),(4,5))	(((1,2),3),(4,5))	354	32
((1,(2,3)),(4,5))	(((1,2),3),(4,5))	355	26
((1,(2,3)),(4,5))	(((1,2),3),(4,5))	356	22
((1,(2,3)),(4,5))	(((1,2),3),(4,5))	357	14
((1,(2,3)),(4,5))	(((1,2),3),(4,5))	358	13
((1,(2,3)),(4,5))	(((1,2),3),(4,5))	359	19
((1,(2,3)),(4,5))	(((1,2),3),(4,5))	360	22
((1,(2,3)),(4,5))	(((1,2),3),(4,5))	361	22
((1,(2,3)),(4,5))	(((1,2),3),(4,5))	362	18
((1,(2,3)),(4,5))	(((1,2),3),(4,5))	363	17
((1,(2,3)),(4,5))	(((1,2),3),(4,5))	364	18
((1,(2,3)),(4,5))	(((1,2),3),(4,5))	365	15
((1,(2,3)),(4,5))	(((1,2),3),(4,5))	366	13
((1,(2,3)),(4,5))	(((1,2),3),(4,5))	367	16
((1,(2,3)),(4,5))	(((1,2),3),(4,5))	368	15
((1,(2,3)),(4,5))	(((1,2),3),(4,5))	369	11
((1,(2,3)),(4,5))	(((1,2),3),(4,5))	370	16
((1,(2,3)),(4,5))	(((1,2),3),(4,5))	371	11
((1,(2,3)),(4,5))	(((1,2),3),(4,5))	372	13
((1,(2,3)),(4,5))	(((1,2),3),(4,5))	373	10
((1,(2,3)),(4,5))	(((1,2),3),(4,5))	374	21
((1,(2,3)),(4,5))	(((1,2),3),(4,5))	375	13
((1,(2,3)),(4,5))	(((1,2),3),(4,5))	376	10
((1,(2,3)),(4,5))	(((1,2),3),(4,5))	377	14
((1,(2,3)),(4,5))	(((1,2),3),(4,5))	378	10
((1,(2,3)),(4,5))	(((1,2),3),(4,5))	379	7
((1,(2,3)),(4,5))	(((1,2),3),(4,5))	380	13
((1,(2,3)),(4,5))	(((1,2),3),(4,5))	381	10
((1,(2,3)),(4,5))	(((1,2),3),(4,5))	382	16
((1,(2,3)),(4,5))	(((1,2),3),(4,5))	383	8
((1,(2,3)),(4,5))	(((1,2),3),(4,5))	384	11
((1,(2,3)),(4,5))	(((1,2),3),(4,5))	385	7
((1,(2,3)),(4,5))	(((1,2),3),(4,5))	386	9
((1,(2,3)),(4,5))	(((1,2),3),(4,5))	387	11
((1,(2,3)),(4,5))	(((1,2),3),(4,5))	388	12
((1,(2,3)),(4,5))	(((1,2),3),(4,5))	389	8
((1,(2,3)),(4,5))	(((1,2),3),(4,5))	390	9
((1,(2,3)),(4,5))	(((1,2),3),(4,5))	391	12
((1,(2,3)),(4,5))	(((1,2),3),(4,5))	392	12
((1,(2,3)),(4,5))	(((1,2),3),(4,5))	393	9
((1,(2,3)),(4,5))	(((1,2),3),(4,5))	394	6
((1,(2,3)),(4,5))	(((1,2),3),(4,5))	395	9
((1,(2,3)),(4,5))	(((1,2),3),(4,5))	396	11
((1,(2,3)),(4,5))	(((1,2),3),(4,5))	397	10
((1,(2,3)),(4,5))	(((1,2),3),(4,5))	398	14
((1,(2,3)),(4,5))	(((1,2),3),(4,5))	399	5
((1,(2,3)),(4,5))	(((1,2),3),(4,5))	400	15
((1,(2,3)),(4,5))	(((1,2),3),(4,5))	401	11
((1,(2,3)),(4,5))	(((1,2),3),(4,5))	402	10
((1,(2,3)),(4,5))	(((1,2),3),(4,5))	403	8
((1,(2,3)),(4,5))	(((1,2),3),(4,5))	404	11
((1,(2,3)),(4,5))	(((1,2),3),(4,5))	405	5
((1,(2,3)),(4,5))	(((1,2),3),(4,5))	406	13
((1,(2,3)),(4,5))	(((1,2),3),(4,5))	407	6
((1,(2,3)),(4,5))	(((1,2),3),(4,5))	408	3
((1,(2,3)),(4,5))	(((1,2),3),(4,5))	409	7
((1,(2,3)),(4,5))	(((1,2),3),(4,5))	410	8
((1,(2,3)),(4,5))	(((1,2),3),(4,5))	411	6
((1,(2,3)),(4,5))	(((1,2),3),(4,5))	412	8
((1,(2,3)),(4,5))	(((1,2),3),(4,5))	413	9
((1,(2,3)),(4,5))	(((1,2),3),(4,5))	414	4
((1,(2,3)),(4,5))	(((1,2),3),(4,5))	415	4
((1,(2,3)),(4,5))	(((1,2),3),(4,5))	416	9
((1,(2,3)),(4,5))	(((1,2),3),(4,5))	417	3
((1,(2,3)),(4,5))	(((1,2),3),(4,5))	418	7
((1,(2,3)),(4,5))	(((1,2),3),(4,5))	419	4
((1,(2,3)),(4,5))	(((1,2),3),(4,5))	420	6
((1,(2,3)),(4,5))	(((1,2),3),(4,5))	421	10
((1,(2,3)),(4,5))	(((1,2),3),(4,5))	422	3
((1,(2,3)),(4,5))	(((1,2),3),(4,5))	423	1
((1,(2,3)),(4,5))	(((1,2),3),(4,5))	424	6
((1,(2,3)),(4,5))	(((1,2),3),(4,5))	425	5
((1,(2,3)),(4,5))	(((1,2),3),(4,5))	426	3
((1,(2,3)),(4,5))	(((1,2),3),(4,5))	427	8
((1,(2,3)),(4,5))	(((1,2),3),(4,5))	428	8
((1,(2,3)),(4,5))	(((1,2),3),(4,5))	429	4
((1,(2,3)),(4,5))	(((1,2),3),(4,5))	430	4
((1,(2,3)),(4,5))	(((1,2),3),(4,5))	431	2
((1,(2,3)),(4,5))	(((1,2),3),(4,5))	432	3
((1,(2,3)),(4,5))	(((1,2),3),(4,5))	433	4
((1,(2,3)),(4,5))	(((1,2),3),(4,5))	434	2
((1,(2,3)),(4,5))	(((1,2),3),(4,5))	435	1
((1,(2,3)),(4,5))	(((1,2),3),(4,5))	436	3
((1,(2,3)),(4,5))	(((1,2),3),(4,5))	437	2
((1,(2,3)),(4,5))	(((1,2),3),(4,5))	438	3
((1,(2,3)),(4,5))	(((1,2),3),(4,5))	439	4
((1,(2,3)),(4,5))	(((1,2),3),(4,5))	440	4
((1,(2,3)),(4,5))	(((1,2),3),(4,5))	441	3
((1,(2,3)),(4,5))	(((1,2),3),(4,5))	442	1
((1,(2,3)),(4,5))	(((1,2),3),(4,5))	443	4
((1,(2,3)),(4,5))	(((1,2),3),(4,5))	444	4
((1,(2,3)),(4,5))	(((1,2),3),(4,5))	445	1
((1,(2,3)),(4,5))	(((1,2),3),(4,5))	446	2
((1,(2,3)),(4,5))	(((1,2),3),(4,5))	447	3
((1,(2,3)),(4,5))	(((1,2),3),(4,5))	448	4
((1,(2,3)),(4,5))	(((1,2),3),(4,5))	449	2
((1,(2,3)),(4,5))	(((1,2),3),(4,5))	450	3
((1,(2,3)),(4,5))	(((1,2),3),(4,5))	451	3
((1,(2,3)),(4,5))	(((1,2),3),(4,5))	452	3
((1,(2,3)),(4,5))	(((1,2),3),(4,5))	454	2
((1,(2,3)),(4,5))	(((1,2),3),(4,5))	455	3
((1,(2,3)),(4,5))	(((1,2),3),(4,5))	456	3
((1,(2,3)),(4,5))	(((1,2),3),(4,5))	457	2
((1,(2,3)),(4,5))	(((1,2),3),(4,5))	458	4
((1,(2,3)),(4,5))	(((1,2),3),(4,5))	459	1
((1,(2,3)),(4,5))	(((1,2),3),(4,5))	461	2
((1,(2,3)),(4,5))	(((1,2),3),(4,5))	462	3
((1,(2,3)),(4,5))	(((1,2),3),(4,5))	463	2
((1,(2,3)),(4,5))	(((1,2),3),(4,5))	464	4
((1,(2,3)),(4,5))	(((1,2),3),(4,5))	465	3
((1,(2,3)),(4,5))	(((1,2),3),(4,5))	466	4
((1,(2,3)),(4,5))	(((1,2),3),(4,5))	467	3
((1,(2,3)),(4,5))	(((1,2),3),(4,5))	469	2
((1,(2,3)),(4,5))	(((1,2),3),(4,5))	470	1
((1,(2,3)),(4,5))	(((1,2),3),(4,5))	472	3
((1,(2,3)),(4,5))	(((1,2),3),(4,5))	474	3
((1,(2,3)),(4,5))	(((1,2),3),(4,5))	475	3
((1,(2,3)),(4,5))	(((1,2),3),(4,5))	476	3
((1,(2,3)),(4,5))	(((1,2),3),(4,5))	477	3
((1,(2,3)),(4,5))	(((1,2),3),(4,5))	478	2
((1,(2,3)),(4,5))	(((1,2),3),(4,5))	480	2
((1,(2,3)),(4,5))	(((1,2),3),(4,5))	481	3
((1,(2,3)),(4,5))	(((1,2),3),(4,5))	482	3
((1,(2,3)),(4,5))	(((1,2),3),(4,5))	484	1
((1,(2,3)),(4,5))	(((1,2),3),(4,5))	485	1
((1,(2,3)),(4,5))	(((1,2),3),(4,5))	486	1
((1,(2,3)),(4,5))	(((1,2),3),(4,5))	487	2
((1,(2,3)),(4,5))	(((1,2),3),(4,5))	488	2
((1,(2,3)),(4,5))	(((1,2),3),(4,5))	489	2
((1,(2,3)),(4,5))	(((1,2),3),(4,5))	490	1
((1,(2,3)),(4,5))	(((1,2),3),(4,5))	492	2
((1,(2,3)),(4,5))	(((1,2),3),(4,5))	493	2
((1,(2,3)),(4,5))	(((1,2),3),(4,5))	494	2
((1,(2,3)),(4,5))	(((1,2),3),(4,5))	495	1
((1,(2,3)),(4,5))	(((1,2),3),(4,5))	496	3
((1,(2,3)),(4,5))	(((1,2),3),(4,5))	498	4
((1,(2,3)),(4,5))	(((1,2),3),(4,5))	499	1
((1,(2,3)),(4,5))	(((1,2),3),(4,5))	500	2
((1,(2,3)),(4,5))	(((1,2),3),(4,5))	501	3
((1,(2,3)),(4,5))	(((1,2),3),(4,5))	502	1
((1,(2,3)),(4,5))	(((1,2),3),(4,5))	503	2
((1,(2,3)),(4,5))	(((1,2),3),(4,5))	504	1
((1,(2,3)),(4,5))	(((1,2),3),(4,5))	505	2
((1,(2,3)),(4,5))	(((1,2),3),(4,5))	507	2
((1,(2,3)),(4,5))	(((1,2),3),(4,5))	508	3
((1,(2,3)),(4,5))	(((1,2),3),(4,5))	509	1
((1,(2,3)),(4,5))	(((1,2),3),(4,5))	510	1
((1,(2,3)),(4,5))	(((1,2),3),(4,5))	513	1
((1,(2,3)),(4,5))	(((1,2),3),(4,5))	514	1
((1,(2,3)),(4,5))	(((1,2),3),(4,5))	515	1
((1,(2,3)),(4,5))	(((1,2),3),(4,5))	516	3
((1,(2,3)),(4,5))	(((1,2),3),(4,5))	520	1
((1,(2,3)),(4,5))	(((1,2),3),(4,5))	521	2
((1,(2,3)),(4,5))	(((1,2),3),(4,5))	523	2
((1,(2,3)),(4,5))	(((1,2),3),(4,5))	525	2
((1,(2,3)),(4,5))	(((1,2),3),(4,5))	526	1
((1,(2,3)),(4,5))	(((1,2),3),(4,5))	531	1
((1,(2,3)),(4,5))	(((1,2),3),(4,5))	533	1
((1,(2,3)),(4,5))	(((1,2),3),(4,5))	534	1
((1,(2,3)),(4,5))	(((1,2),3),(4,5))	536	1
((1,(2,3)),(4,5))	(((1,2),3),(4,5))	537	3
((1,(2,3)),(4,5))	(((1,2),3),(4,5))	538	1
((1,(2,3)),(4,5))	(((1,2),3),(4,5))	540	1
((1,(2,3)),(4,5))	(((1,2),3),(4,5))	541	2
((1,(2,3)),(4,5))	(((1,2),3),(4,5))	542	1
((1,(2,3)),(4,5))	(((1,2),3),(4,5))	543	1
((1,(2,3)),(4,5))	(((1,2),3),(4,5))	545	1
((1,(2,3)),(4,5))	(((1,2),3),(4,5))	546	1
((1,(2,3)),(4,5))	(((1,2),3),(4,5))	547	1
((1,(2,3)),(4,5))	(((1,2),3),(4,5))	548	1
((1,(2,3)),(4,5))	(((1,2),3),(4,5))	550	2
((1,(2,3)),(4,5))	(((1,2),3),(4,5))	552	1
((1,(2,3)),(4,5))	(((1,2),3),(4,5))	554	1
((1,(2,3)),(4,5))	(((1,2),3),(4,5))	556	1
((1,(2,3)),(4,5))	(((1,2),3),(4,5))	557	1
((1,(2,3)),(4,5))	(((1,2),3),(4,5))	558	1
((1,(2,3)),(4,5))	(((1,2),3),(4,5))	560	2
((1,(2,3)),(4,5))	(((1,2),3),(4,5))	561	1
((1,(2,3)),(4,5))	(((1,2),3),(4,5))	563	1
((1,(2,3)),(4,5))	(((1,2),3),(4,5))	564	1
((1,(2,3)),(4,5))	(((1,2),3),(4,5))	565	1
((1,(2,3)),(4,5))	(((1,2),3),(4,5))	572	1
((1,(2,3)),(4,5))	(((1,2),3),(4,5))	579	1
((1,(2,3)),(4,5))	(((1,2),3),(4,5))	583	1
((1,(2,3)),(4,5))	(((1,2),3),(4,5))	584	1
((1,(2,3)),(4,5))	(((1,2),3),(4,5))	586	1
((1,(2,3)),(4,5))	(((1,2),3),(4,5))	589	1
((1,(2,3)),(4,5))	(((1,2),3),(4,5))	590	3
((1,(2,3)),(4,5))	(((1,2),3),(4,5))	594	2
((1,(2,3)),(4,5))	(((1,2),3),(4,5))	602	1
((1,(2,3)),(4,5))	(((1,2),3),(4,5))	603	1
((1,(2,3)),(4,5))	(((1,2),3),(4,5))	613	1
((1,(2,3)),(4,5))	(((1,2),3),(4,5))	628	1
((1,(2,3)),(4,5))	(((1,2),3),(4,5))	630	1
((1,(2,3)),(4,5))	(((1,2),3),(4,5))	631	1
((1,(2,3)),(4,5))	(((1,2),3),(4,5))	635	1
((1,(2,3)),(4,5))	(((1,2),3),(4,5))	653	1
((1,(2,3)),(4,5))	(((1,2),3),(4,5))	683	1
((1,(2,3)),(4,5))	(((1,2),3),(4,5))	689	1
((1,(2,3)),(4,5))	(((1,2),3),(4,5))	699	1
((1,(2,3)),(4,5))	(((1,2),3),(4,5))	715	1
((1,(2,3)),(4,5))	(((1,2),3),(4,5))	729	1
((1,(2,3)),(4,5))	(((1,2),3),(4,5))	733	1
((1,(2,3)),(4,5))	(((1,2),3),(4,5))	749	1
((1,(2,3)),(4,5))	(((1,2),3),(4,5))	750	1
((1,(2,3)),(4,5))	(((1,2),3),(4,5))	753	1
((1,(2,3)),(4,5))	(((1,2),3),(4,5))	776	1
((1,(2,3)),(4,5))	((1,(2,3)),(4,5))	2	15097
((1,(2,3)),(4,5))	((1,(2,3)),(4,5))	3	21424
((1,(2,3)),(4,5))	((1,(2,3)),(4,5))	4	23007
((1,(2,3)),(4,5))	((1,(2,3)),(4,5))	5	22913
((1,(2,3)),(4,5))	((1,(2,3)),(4,5))	6	22185
((1,(2,3)),(4,5))	((1,(2,3)),(4,5))	7	20971
((1,(2,3)),(4,5))	((1,(2,3)),(4,5))	8	20157
((1,(2,3)),(4,5))	((1,(2,3)),(4,5))	9	18924
((1,(2,3)),(4,5))	((1,(2,3)),(4,5))	10	18330
((1,(2,3)),(4,5))	((1,(2,3)),(4,5))	11	17387
((1,(2,3)),(4,5))	((1,(2,3)),(4,5))	12	16740
((1,(2,3)),(4,5))	((1,(2,3)),(4,5))	13	16034
((1,(2,3)),(4,5))	((1,(2,3)),(4,5))	14	15798
((1,(2,3)),(4,5))	((1,(2,3)),(4,5))	15	15087
((1,(2,3)),(4,5))	((1,(2,3)),(4,5))	16	14789
((1,(2,3)),(4,5))	((1,(2,3)),(4,5))	17	14280
((1,(2,3)),(4,5))	((1,(2,3)),(4,5))	18	14032
((1,(2,3)),(4,5))	((1,(2,3)),(4,5))	19	13512
((1,(2,3)),(4,5))	((1,(2,3)),(4,5))	20	13367
((1,(2,3)),(4,5))	((1,(2,3)),(4,5))	21	12809
((1,(2,3)),(4,5))	((1,(2,3)),(4,5))	22	12537
((1,(2,3)),(4,5))	((1,(2,3)),(4,5))	23	12343
((1,(2,3)),(4,5))	((1,(2,3)),(4,5))	24	11966
((1,(2,3)),(4,5))	((1,(2,3)),(4,5))	25	11835
((1,(2,3)),(4,5))	((1,(2,3)),(4,5))	26	11551
((1,(2,3)),(4,5))	((1,(2,3)),(4,5))	27	11092
((1,(2,3)),(4,5))	((1,(2,3)),(4,5))	28	10801
((1,(2,3)),(4,5))	((1,(2,3)),(4,5))	29	10660
((1,(2,3)),(4,5))	((1,(2,3)),(4,5))	30	10442
((1,(2,3)),(4,5))	((1,(2,3)),(4,5))	31	10254
((1,(2,3)),(4,5))	((1,(2,3)),(4,5))	32	9955
((1,(2,3)),(4,5))	((1,(2,3)),(4,5))	33	9642
((1,(2,3)),(4,5))	((1,(2,3)),(4,5))	34	9611
((1,(2,3)),(4,5))	((1,(2,3)),(4,5))	35	9490
((1,(2,3)),(4,5))	((1,(2,3)),(4,5))	36	9002
((1,(2,3)),(4,5))	((1,(2,3)),(4,5))	37	9047
((1,(2,3)),(4,5))	((1,(2,3)),(4,5))	38	8806
((1,(2,3)),(4,5))	((1,(2,3)),(4,5))	39	8739
((1,(2,3)),(4,5))	((1,(2,3)),(4,5))	40	8300
((1,(2,3)),(4,5))	((1,(2,3)),(4,5))	41	8360
((1,(2,3)),(4,5))	((1,(2,3)),(4,5))	42	8204
((1,(2,3)),(4,5))	((1,(2,3)),(4,5))	43	8002
((1,(2,3)),(4,5))	((1,(2,3)),(4,5))	44	7838
((1,(2,3)),(4,5))	((1,(2,3)),(4,5))	45	7626
((1,(2,3)),(4,5))	((1,(2,3)),(4,5))	46	7444
((1,(2,3)),(4,5))	((1,(2,3)),(4,5))	47	7418
((1,(2,3)),(4,5))	((1,(2,3)),(4,5))	48	7078
((1,(2,3)),(4,5))	((1,(2,3)),(4,5))	49	7128
((1,(2,3)),(4,5))	((1,(2,3)),(4,5))	50	6976
((1,(2,3)),(4,5))	((1,(2,3)),(4,5))	51	6761
((1,(2,3)),(4,5))	((1,(2,3)),(4,5))	52	6718
((1,(2,3)),(4,5))	((1,(2,3)),(4,5))	53	6565
((1,(2,3)),(4,5))	((1,(2,3)),(4,5))	54	6357
((1,(2,3)),(4,5))	((1,(2,3)),(4,5))	55	6302
((1,(2,3)),(4,5))	((1,(2,3)),(4,5))	56	6200
((1,(2,3)),(4,5))	((1,(2,3)),(4,5))	57	6058
((1,(2,3)),(4,5))	((1,(2,3)),(4,5))	58	5925
((1,(2,3)),(4,5))	((1,(2,3)),(4,5))	59	5839
((1,(2,3)),(4,5))	((1,(2,3)),(4,5))	60	5555
((1,(2,3)),(4,5))	((1,(2,3)),(4,5))	61	5564
((1,(2,3)),(4,5))	((1,(2,3)),(4,5))	62	5511
((1,(2,3)),(4,5))	((1,(2,3)),(4,5))	63	5446
((1,(2,3)),(4,5))	((1,(2,3)),(4,5))	64	5401
((1,(2,3)),(4,5))	((1,(2,3)),(4,5))	65	5174
((1,(2,3)),(4,5))	((1,(2,3)),(4,5))	66	5026
((1,(2,3)),(4,5))	((1,(2,3)),(4,5))	67	5120
((1,(2,3)),(4,5))	((1,(2,3)),(4,5))	68	4897
((1,(2,3)),(4,5))	((1,(2,3)),(4,5))	69	4866
((1,(2,3)),(4,5))	((1,(2,3)),(4,5))	70	4754
((1,(2,3)),(4,5))	((1,(2,3)),(4,5))	71	4593
((1,(2,3)),(4,5))	((1,(2,3)),(4,5))	72	4500
((1,(2,3)),(4,5))	((1,(2,3)),(4,5))	73	4474
((1,(2,3)),(4,5))	((1,(2,3)),(4,5))	74	4323
((1,(2,3)),(4,5))	((1,(2,3)),(4,5))	75	4356
((1,(2,3)),(4,5))	((1,(2,3)),(4,5))	76	4177
((1,(2,3)),(4,5))	((1,(2,3)),(4,5))	77	4146
((1,(2,3)),(4,5))	((1,(2,3)),(4,5))	78	4057
((1,(2,3)),(4,5))	((1,(2,3)),(4,5))	79	3969
((1,(2,3)),(4,5))	((1,(2,3)),(4,5))	80	3769
((1,(2,3)),(4,5))	((1,(2,3)),(4,5))	81	3712
((1,(2,3)),(4,5))	((1,(2,3)),(4,5))	82	3704
((1,(2,3)),(4,5))	((1,(2,3)),(4,5))	83	3664
((1,(2,3)),(4,5))	((1,(2,3)),(4,5))	84	3531
((1,(2,3)),(4,5))	((1,(2,3)),(4,5))	85	3520
((1,(2,3)),(4,5))	((1,(2,3)),(4,5))	86	3480
((1,(2,3)),(4,5))	((1,(2,3)),(4,5))	87	3336
((1,(2,3)),(4,5))	((1,(2,3)),(4,5))	88	3388
((1,(2,3)),(4,5))	((1,(2,3)),(4,5))	89	3256
((1,(2,3)),(4,5))	((1,(2,3)),(4,5))	90	3150
((1,(2,3)),(4,5))	((1,(2,3)),(4,5))	91	3129
((1,(2,3)),(4,5))	((1,(2,3)),(4,5))	92	3174
((1,(2,3)),(4,5))	((1,(2,3)),(4,5))	93	3088
((1,(2,3)),(4,5))	((1,(2,3)),(4,5))	94	2931
((1,(2,3)),(4,5))	((1,(2,3)),(4,5))	95	3071
((1,(2,3)),(4,5))	((1,(2,3)),(4,5))	96	2846
((1,(2,3)),(4,5))	((1,(2,3)),(4,5))	97	2821
((1,(2,3)),(4,5))	((1,(2,3)),(4,5))	98	2754
((1,(2,3)),(4,5))	((1,(2,3)),(4,5))	99	2697
((1,(2,3)),(4,5))	((1,(2,3)),(4,5))	100	2677
((1,(2,3)),(4,5))	((1,(2,3)),(4,5))	101	2580
((1,(2,3)),(4,5))	((1,(2,3)),(4,5))	102	2543
((1,(2,3)),(4,5))	((1,(2,3)),(4,5))	103	2479
((1,(2,3)),(4,5))	((1,(2,3)),(4,5))	104	2406
((1,(2,3)),(4,5))	((1,(2,3)),(4,5))	105	2351
((1,(2,3)),(4,5))	((1,(2,3)),(4,5))	106	2315
((1,(2,3)),(4,5))	((1,(2,3)),(4,5))	107	2285
((1,(2,3)),(4,5))	((1,(2,3)),(4,5))	108	2206
((1,(2,3)),(4,5))	((1,(2,3)),(4,5))	109	2179
((1,(2,3)),(4,5))	((1,(2,3)),(4,5))	110	2263
((1,(2,3)),(4,5))	((1,(2,3)),(4,5))	111	2146
((1,(2,3)),(4,5))	((1,(2,3)),(4,5))	112	2103
((1,(2,3)),(4,5))	((1,(2,3)),(4,5))	113	2010
((1,(2,3)),(4,5))	((1,(2,3)),(4,5))	114	2011
((1,(2,3)),(4,5))	((1,(2,3)),(4,5))	115	1920
((1,(2,3)),(4,5))	((1,(2,3)),(4,5))	116	1943
((1,(2,3)),(4,5))	((1,(2,3)),(4,5))	117	1921
((1,(2,3)),(4,5))	((1,(2,3)),(4,5))	118	1858
((1,(2,3)),(4,5))	((1,(2,3)),(4,5))	119	1870
((1,(2,3)),(4,5))	((1,(2,3)),(4,5))	120	1826
((1,(2,3)),(4,5))	((1,(2,3)),(4,5))	121	1773
((1,(2,3)),(4,5))	((1,(2,3)),(4,5))	122	1810
((1,(2,3)),(4,5))	((1,(2,3)),(4,5))	123	1763
((1,(2,3)),(4,5))	((1,(2,3)),(4,5))	124	1711
((1,(2,3)),(4,5))	((1,(2,3)),(4,5))	125	1631
((1,(2,3)),(4,5))	((1,(2,3)),(4,5))	126	1558
((1,(2,3)),(4,5))	((1,(2,3)),(4,5))	127	1563
((1,(2,3)),(4,5))	((1,(2,3)),(4,5))	128	1491
((1,(2,3)),(4,5))	((1,(2,3)),(4,5))	129	1526
((1,(2,3)),(4,5))	((1,(2,3)),(4,5))	130	1450
((1,(2,3)),(4,5))	((1,(2,3)),(4,5))	131	1495
((1,(2,3)),(4,5))	((1,(2,3)),(4,5))	132	1439
((1,(2,3)),(4,5))	((1,(2,3)),(4,5))	133	1415
((1,(2,3)),(4,5))	((1,(2,3)),(4,5))	134	1418
((1,(2,3)),(4,5))	((1,(2,3)),(4,5))	135	1416
((1,(2,3)),(4,5))	((1,(2,3)),(4,5))	136	1303
((1,(2,3)),(4,5))	((1,(2,3)),(4,5))	137	1280
((1,(2,3)),(4,5))	((1,(2,3)),(4,5))	138	1210
((1,(2,3)),(4,5))	((1,(2,3)),(4,5))	139	1288
((1,(2,3)),(4,5))	((1,(2,3)),(4,5))	140	1277
((1,(2,3)),(4,5))	((1,(2,3)),(4,5))	141	1217
((1,(2,3)),(4,5))	((1,(2,3)),(4,5))	142	1162
((1,(2,3)),(4,5))	((1,(2,3)),(4,5))	143	1155
((1,(2,3)),(4,5))	((1,(2,3)),(4,5))	144	1186
((1,(2,3)),(4,5))	((1,(2,3)),(4,5))	145	1088
((1,(2,3)),(4,5))	((1,(2,3)),(4,5))	146	1112
((1,(2,3)),(4,5))	((1,(2,3)),(4,5))	147	1054
((1,(2,3)),(4,5))	((1,(2,3)),(4,5))	148	1066
((1,(2,3)),(4,5))	((1,(2,3)),(4,5))	149	1044
((1,(2,3)),(4,5))	((1,(2,3)),(4,5))	150	1031
((1,(2,3)),(4,5))	((1,(2,3)),(4,5))	151	985
((1,(2,3)),(4,5))	((1,(2,3)),(4,5))	152	1047
((1,(2,3)),(4,5))	((1,(2,3)),(4,5))	153	1029
((1,(2,3)),(4,5))	((1,(2,3)),(4,5))	154	997
((1,(2,3)),(4,5))	((1,(2,3)),(4,5))	155	930
((1,(2,3)),(4,5))	((1,(2,3)),(4,5))	156	889
((1,(2,3)),(4,5))	((1,(2,3)),(4,5))	157	964
((1,(2,3)),(4,5))	((1,(2,3)),(4,5))	158	864
((1,(2,3)),(4,5))	((1,(2,3)),(4,5))	159	854
((1,(2,3)),(4,5))	((1,(2,3)),(4,5))	160	924
((1,(2,3)),(4,5))	((1,(2,3)),(4,5))	161	804
((1,(2,3)),(4,5))	((1,(2,3)),(4,5))	162	782
((1,(2,3)),(4,5))	((1,(2,3)),(4,5))	163	796
((1,(2,3)),(4,5))	((1,(2,3)),(4,5))	164	783
((1,(2,3)),(4,5))	((1,(2,3)),(4,5))	165	783
((1,(2,3)),(4,5))	((1,(2,3)),(4,5))	166	800
((1,(2,3)),(4,5))	((1,(2,3)),(4,5))	167	739
((1,(2,3)),(4,5))	((1,(2,3)),(4,5))	168	739
((1,(2,3)),(4,5))	((1,(2,3)),(4,5))	169	739
((1,(2,3)),(4,5))	((1,(2,3)),(4,5))	170	716
((1,(2,3)),(4,5))	((1,(2,3)),(4,5))	171	662
((1,(2,3)),(4,5))	((1,(2,3)),(4,5))	172	707
((1,(2,3)),(4,5))	((1,(2,3)),(4,5))	173	713
((1,(2,3)),(4,5))	((1,(2,3)),(4,5))	174	666
((1,(2,3)),(4,5))	((1,(2,3)),(4,5))	175	618
((1,(2,3)),(4,5))	((1,(2,3)),(4,5))	176	610
((1,(2,3)),(4,5))	((1,(2,3)),(4,5))	177	644
((1,(2,3)),(4,5))	((1,(2,3)),(4,5))	178	629
((1,(2,3)),(4,5))	((1,(2,3)),(4,5))	179	597
((1,(2,3)),(4,5))	((1,(2,3)),(4,5))	180	574
((1,(2,3)),(4,5))	((1,(2,3)),(4,5))	181	548
((1,(2,3)),(4,5))	((1,(2,3)),(4,5))	182	527
((1,(2,3)),(4,5))	((1,(2,3)),(4,5))	183	549
((1,(2,3)),(4,5))	((1,(2,3)),(4,5))	184	495
((1,(2,3)),(4,5))	((1,(2,3)),(4,5))	185	527
((1,(2,3)),(4,5))	((1,(2,3)),(4,5))	186	530
((1,(2,3)),(4,5))	((1,(2,3)),(4,5))	187	503
((1,(2,3)),(4,5))	((1,(2,3)),(4,5))	188	508
((1,(2,3)),(4,5))	((1,(2,3)),(4,5))	189	470
((1,(2,3)),(4,5))	((1,(2,3)),(4,5))	190	485
((1,(2,3)),(4,5))	((1,(2,3)),(4,5))	191	472
((1,(2,3)),(4,5))	((1,(2,3)),(4,5))	192	463
((1,(2,3)),(4,5))	((1,(2,3)),(4,5))	193	452
((1,(2,3)),(4,5))	((1,(2,3)),(4,5))	194	447
((1,(2,3)),(4,5))	((1,(2,3)),(4,5))	195	430
((1,(2,3)),(4,5))	((1,(2,3)),(4,5))	196	458
((1,(2,3)),(4,5))	((1,(2,3)),(4,5))	197	403
((1,(2,3)),(4,5))	((1,(2,3)),(4,5))	198	400
((1,(2,3)),(4,5))	((1,(2,3)),(4,5))	199	336
((1,(2,3)),(4,5))	((1,(2,3)),(4,5))	200	412
((1,(2,3)),(4,5))	((1,(2,3)),(4,5))	201	389
((1,(2,3)),(4,5))	((1,(2,3)),(4,5))	202	360
((1,(2,3)),(4,5))	((1,(2,3)),(4,5))	203	376
((1,(2,3)),(4,5))	((1,(2,3)),(4,5))	204	361
((1,(2,3)),(4,5))	((1,(2,3)),(4,5))	205	331
((1,(2,3)),(4,5))	((1,(2,3)),(4,5))	206	371
((1,(2,3)),(4,5))	((1,(2,3)),(4,5))	207	366
((1,(2,3)),(4,5))	((1,(2,3)),(4,5))	208	354
((1,(2,3)),(4,5))	((1,(2,3)),(4,5))	209	356
((1,(2,3)),(4,5))	((1,(2,3)),(4,5))	210	333
((1,(2,3)),(4,5))	((1,(2,3)),(4,5))	211	365
((1,(2,3)),(4,5))	((1,(2,3)),(4,5))	212	330
((1,(2,3)),(4,5))	((1,(2,3)),(4,5))	213	324
((1,(2,3)),(4,5))	((1,(2,3)),(4,5))	214	288
((1,(2,3)),(4,5))	((1,(2,3)),(4,5))	215	302
((1,(2,3)),(4,5))	((1,(2,3)),(4,5))	216	287
((1,(2,3)),(4,5))	((1,(2,3)),(4,5))	217	281
((1,(2,3)),(4,5))	((1,(2,3)),(4,5))	218	290
((1,(2,3)),(4,5))	((1,(2,3)),(4,5))	219	288
((1,(2,3)),(4,5))	((1,(2,3)),(4,5))	220	273
((1,(2,3)),(4,5))	((1,(2,3)),(4,5))	221	244
((1,(2,3)),(4,5))	((1,(2,3)),(4,5))	222	255
((1,(2,3)),(4,5))	((1,(2,3)),(4,5))	223	260
((1,(2,3)),(4,5))	((1,(2,3)),(4,5))	224	268
((1,(2,3)),(4,5))	((1,(2,3)),(4,5))	225	248
((1,(2,3)),(4,5))	((1,(2,3)),(4,5))	226	266
((1,(2,3)),(4,5))	((1,(2,3)),(4,5))	227	243
((1,(2,3)),(4,5))	((1,(2,3)),(4,5))	228	243
((1,(2,3)),(4,5))	((1,(2,3)),(4,5))	229	236
((1,(2,3)),(4,5))	((1,(2,3)),(4,5))	230	219
((1,(2,3)),(4,5))	((1,(2,3)),(4,5))	231	199
((1,(2,3)),(4,5))	((1,(2,3)),(4,5))	232	200
((1,(2,3)),(4,5))	((1,(2,3)),(4,5))	233	192
((1,(2,3)),(4,5))	((1,(2,3)),(4,5))	234	180
((1,(2,3)),(4,5))	((1,(2,3)),(4,5))	235	197
((1,(2,3)),(4,5))	((1,(2,3)),(4,5))	236	207
((1,(2,3)),(4,5))	((1,(2,3)),(4,5))	237	217
((1,(2,3)),(4,5))	((1,(2,3)),(4,5))	238	190
((1,(2,3)),(4,5))	((1,(2,3)),(4,5))	239	183
((1,(2,3)),(4,5))	((1,(2,3)),(4,5))	240	187
((1,(2,3)),(4,5))	((1,(2,3)),(4,5))	241	188
((1,(2,3)),(4,5))	((1,(2,3)),(4,5))	242	177
((1,(2,3)),(4,5))	((1,(2,3)),(4,5))	243	160
((1,(2,3)),(4,5))	((1,(2,3)),(4,5))	244	160
((1,(2,3)),(4,5))	((1,(2,3)),(4,5))	245	154
((1,(2,3)),(4,5))	((1,(2,3)),(4,5))	246	163
((1,(2,3)),(4,5))	((1,(2,3)),(4,5))	247	159
((1,(2,3)),(4,5))	((1,(2,3)),(4,5))	248	178
((1,(2,3)),(4,5))	((1,(2,3)),(4,5))	249	159
((1,(2,3)),(4,5))	((1,(2,3)),(4,5))	250	141
((1,(2,3)),(4,5))	((1,(2,3)),(4,5))	251	147
((1,(2,3)),(4,5))	((1,(2,3)),(4,5))	252	135
((1,(2,3)),(4,5))	((1,(2,3)),(4,5))	253	145
((1,(2,3)),(4,5))	((1,(2,3)),(4,5))	254	134
((1,(2,3)),(4,5))	((1,(2,3)),(4,5))	255	134
((1,(2,3)),(4,5))	((1,(2,3)),(4,5))	256	135
((1,(2,3)),(4,5))	((1,(2,3)),(4,5))	257	146
((1,(2,3)),(4,5))	((1,(2,3)),(4,5))	258	155
((1,(2,3)),(4,5))	((1,(2,3)),(4,5))	259	125
((1,(2,3)),(4,5))	((1,(2,3)),(4,5))	260	134
((1,(2,3)),(4,5))	((1,(2,3)),(4,5))	261	139
((1,(2,3)),(4,5))	((1,(2,3)),(4,5))	262	122
((1,(2,3)),(4,5))	((1,(2,3)),(4,5))	263	116
((1,(2,3)),(4,5))	((1,(2,3)),(4,5))	264	101
((1,(2,3)),(4,5))	((1,(2,3)),(4,5))	265	109
((1,(2,3)),(4,5))	((1,(2,3)),(4,5))	266	109
((1,(2,3)),(4,5))	((1,(2,3)),(4,5))	267	108
((1,(2,3)),(4,5))	((1,(2,3)),(4,5))	268	107
((1,(2,3)),(4,5))	((1,(2,3)),(4,5))	269	117
((1,(2,3)),(4,5))	((1,(2,3)),(4,5))	270	85
((1,(2,3)),(4,5))	((1,(2,3)),(4,5))	271	126
((1,(2,3)),(4,5))	((1,(2,3)),(4,5))	272	90
((1,(2,3)),(4,5))	((1,(2,3)),(4,5))	273	89
((1,(2,3)),(4,5))	((1,(2,3)),(4,5))	274	100
((1,(2,3)),(4,5))	((1,(2,3)),(4,5))	275	93
((1,(2,3)),(4,5))	((1,(2,3)),(4,5))	276	105
((1,(2,3)),(4,5))	((1,(2,3)),(4,5))	277	97
((1,(2,3)),(4,5))	((1,(2,3)),(4,5))	278	83
((1,(2,3)),(4,5))	((1,(2,3)),(4,5))	279	74
((1,(2,3)),(4,5))	((1,(2,3)),(4,5))	280	106
((1,(2,3)),(4,5))	((1,(2,3)),(4,5))	281	88
((1,(2,3)),(4,5))	((1,(2,3)),(4,5))	282	89
((1,(2,3)),(4,5))	((1,(2,3)),(4,5))	283	78
((1,(2,3)),(4,5))	((1,(2,3)),(4,5))	284	76
((1,(2,3)),(4,5))	((1,(2,3)),(4,5))	285	82
((1,(2,3)),(4,5))	((1,(2,3)),(4,5))	286	78
((1,(2,3)),(4,5))	((1,(2,3)),(4,5))	287	96
((1,(2,3)),(4,5))	((1,(2,3)),(4,5))	288	78
((1,(2,3)),(4,5))	((1,(2,3)),(4,5))	289	63
((1,(2,3)),(4,5))	((1,(2,3)),(4,5))	290	68
((1,(2,3)),(4,5))	((1,(2,3)),(4,5))	291	71
((1,(2,3)),(4,5))	((1,(2,3)),(4,5))	292	68
((1,(2,3)),(4,5))	((1,(2,3)),(4,5))	293	70
((1,(2,3)),(4,5))	((1,(2,3)),(4,5))	294	77
((1,(2,3)),(4,5))	((1,(2,3)),(4,5))	295	72
((1,(2,3)),(4,5))	((1,(2,3)),(4,5))	296	71
((1,(2,3)),(4,5))	((1,(2,3)),(4,5))	297	79
((1,(2,3)),(4,5))	((1,(2,3)),(4,5))	298	68
((1,(2,3)),(4,5))	((1,(2,3)),(4,5))	299	66
((1,(2,3)),(4,5))	((1,(2,3)),(4,5))	300	63
((1,(2,3)),(4,5))	((1,(2,3)),(4,5))	301	59
((1,(2,3)),(4,5))	((1,(2,3)),(4,5))	302	54
((1,(2,3)),(4,5))	((1,(2,3)),(4,5))	303	54
((1,(2,3)),(4,5))	((1,(2,3)),(4,5))	304	46
((1,(2,3)),(4,5))	((1,(2,3)),(4,5))	305	58
((1,(2,3)),(4,5))	((1,(2,3)),(4,5))	306	67
((1,(2,3)),(4,5))	((1,(2,3)),(4,5))	307	39
((1,(2,3)),(4,5))	((1,(2,3)),(4,5))	308	66
((1,(2,3)),(4,5))	((1,(2,3)),(4,5))	309	51
((1,(2,3)),(4,5))	((1,(2,3)),(4,5))	310	52
((1,(2,3)),(4,5))	((1,(2,3)),(4,5))	311	60
((1,(2,3)),(4,5))	((1,(2,3)),(4,5))	312	47
((1,(2,3)),(4,5))	((1,(2,3)),(4,5))	313	46
((1,(2,3)),(4,5))	((1,(2,3)),(4,5))	314	52
((1,(2,3)),(4,5))	((1,(2,3)),(4,5))	315	37
((1,(2,3)),(4,5))	((1,(2,3)),(4,5))	316	50
((1,(2,3)),(4,5))	((1,(2,3)),(4,5))	317	30
((1,(2,3)),(4,5))	((1,(2,3)),(4,5))	318	37
((1,(2,3)),(4,5))	((1,(2,3)),(4,5))	319	32
((1,(2,3)),(4,5))	((1,(2,3)),(4,5))	320	45
((1,(2,3)),(4,5))	((1,(2,3)),(4,5))	321	48
((1,(2,3)),(4,5))	((1,(2,3)),(4,5))	322	32
((1,(2,3)),(4,5))	((1,(2,3)),(4,5))	323	44
((1,(2,3)),(4,5))	((1,(2,3)),(4,5))	324	37
((1,(2,3)),(4,5))	((1,(2,3)),(4,5))	325	48
((1,(2,3)),(4,5))	((1,(2,3)),(4,5))	326	38
((1,(2,3)),(4,5))	((1,(2,3)),(4,5))	327	30
((1,(2,3)),(4,5))	((1,(2,3)),(4,5))	328	30
((1,(2,3)),(4,5))	((1,(2,3)),(4,5))	329	48
((1,(2,3)),(4,5))	((1,(2,3)),(4,5))	330	33
((1,(2,3)),(4,5))	((1,(2,3)),(4,5))	331	32
((1,(2,3)),(4,5))	((1,(2,3)),(4,5))	332	30
((1,(2,3)),(4,5))	((1,(2,3)),(4,5))	333	28
((1,(2,3)),(4,5))	((1,(2,3)),(4,5))	334	38
((1,(2,3)),(4,5))	((1,(2,3)),(4,5))	335	26
((1,(2,3)),(4,5))	((1,(2,3)),(4,5))	336	26
((1,(2,3)),(4,5))	((1,(2,3)),(4,5))	337	30
((1,(2,3)),(4,5))	((1,(2,3)),(4,5))	338	26
((1,(2,3)),(4,5))	((1,(2,3)),(4,5))	339	32
((1,(2,3)),(4,5))	((1,(2,3)),(4,5))	340	34
((1,(2,3)),(4,5))	((1,(2,3)),(4,5))	341	30
((1,(2,3)),(4,5))	((1,(2,3)),(4,5))	342	17
((1,(2,3)),(4,5))	((1,(2,3)),(4,5))	343	24
((1,(2,3)),(4,5))	((1,(2,3)),(4,5))	344	19
((1,(2,3)),(4,5))	((1,(2,3)),(4,5))	345	25
((1,(2,3)),(4,5))	((1,(2,3)),(4,5))	346	22
((1,(2,3)),(4,5))	((1,(2,3)),(4,5))	347	23
((1,(2,3)),(4,5))	((1,(2,3)),(4,5))	348	16
((1,(2,3)),(4,5))	((1,(2,3)),(4,5))	349	21
((1,(2,3)),(4,5))	((1,(2,3)),(4,5))	350	33
((1,(2,3)),(4,5))	((1,(2,3)),(4,5))	351	30
((1,(2,3)),(4,5))	((1,(2,3)),(4,5))	352	23
((1,(2,3)),(4,5))	((1,(2,3)),(4,5))	353	18
((1,(2,3)),(4,5))	((1,(2,3)),(4,5))	354	31
((1,(2,3)),(4,5))	((1,(2,3)),(4,5))	355	21
((1,(2,3)),(4,5))	((1,(2,3)),(4,5))	356	35
((1,(2,3)),(4,5))	((1,(2,3)),(4,5))	357	20
((1,(2,3)),(4,5))	((1,(2,3)),(4,5))	358	19
((1,(2,3)),(4,5))	((1,(2,3)),(4,5))	359	19
((1,(2,3)),(4,5))	((1,(2,3)),(4,5))	360	21
((1,(2,3)),(4,5))	((1,(2,3)),(4,5))	361	16
((1,(2,3)),(4,5))	((1,(2,3)),(4,5))	362	19
((1,(2,3)),(4,5))	((1,(2,3)),(4,5))	363	17
((1,(2,3)),(4,5))	((1,(2,3)),(4,5))	364	21
((1,(2,3)),(4,5))	((1,(2,3)),(4,5))	365	16
((1,(2,3)),(4,5))	((1,(2,3)),(4,5))	366	11
((1,(2,3)),(4,5))	((1,(2,3)),(4,5))	367	11
((1,(2,3)),(4,5))	((1,(2,3)),(4,5))	368	23
((1,(2,3)),(4,5))	((1,(2,3)),(4,5))	369	19
((1,(2,3)),(4,5))	((1,(2,3)),(4,5))	370	19
((1,(2,3)),(4,5))	((1,(2,3)),(4,5))	371	15
((1,(2,3)),(4,5))	((1,(2,3)),(4,5))	372	17
((1,(2,3)),(4,5))	((1,(2,3)),(4,5))	373	6
((1,(2,3)),(4,5))	((1,(2,3)),(4,5))	374	23
((1,(2,3)),(4,5))	((1,(2,3)),(4,5))	375	16
((1,(2,3)),(4,5))	((1,(2,3)),(4,5))	376	10
((1,(2,3)),(4,5))	((1,(2,3)),(4,5))	377	19
((1,(2,3)),(4,5))	((1,(2,3)),(4,5))	378	14
((1,(2,3)),(4,5))	((1,(2,3)),(4,5))	379	10
((1,(2,3)),(4,5))	((1,(2,3)),(4,5))	380	11
((1,(2,3)),(4,5))	((1,(2,3)),(4,5))	381	12
((1,(2,3)),(4,5))	((1,(2,3)),(4,5))	382	15
((1,(2,3)),(4,5))	((1,(2,3)),(4,5))	383	15
((1,(2,3)),(4,5))	((1,(2,3)),(4,5))	384	13
((1,(2,3)),(4,5))	((1,(2,3)),(4,5))	385	15
((1,(2,3)),(4,5))	((1,(2,3)),(4,5))	386	15
((1,(2,3)),(4,5))	((1,(2,3)),(4,5))	387	15
((1,(2,3)),(4,5))	((1,(2,3)),(4,5))	388	12
((1,(2,3)),(4,5))	((1,(2,3)),(4,5))	389	12
((1,(2,3)),(4,5))	((1,(2,3)),(4,5))	390	11
((1,(2,3)),(4,5))	((1,(2,3)),(4,5))	391	7
((1,(2,3)),(4,5))	((1,(2,3)),(4,5))	392	7
((1,(2,3)),(4,5))	((1,(2,3)),(4,5))	393	12
((1,(2,3)),(4,5))	((1,(2,3)),(4,5))	394	5
((1,(2,3)),(4,5))	((1,(2,3)),(4,5))	395	14
((1,(2,3)),(4,5))	((1,(2,3)),(4,5))	396	15
((1,(2,3)),(4,5))	((1,(2,3)),(4,5))	397	8
((1,(2,3)),(4,5))	((1,(2,3)),(4,5))	398	5
((1,(2,3)),(4,5))	((1,(2,3)),(4,5))	399	9
((1,(2,3)),(4,5))	((1,(2,3)),(4,5))	400	12
((1,(2,3)),(4,5))	((1,(2,3)),(4,5))	401	9
((1,(2,3)),(4,5))	((1,(2,3)),(4,5))	402	7
((1,(2,3)),(4,5))	((1,(2,3)),(4,5))	403	12
((1,(2,3)),(4,5))	((1,(2,3)),(4,5))	404	8
((1,(2,3)),(4,5))	((1,(2,3)),(4,5))	405	7
((1,(2,3)),(4,5))	((1,(2,3)),(4,5))	406	9
((1,(2,3)),(4,5))	((1,(2,3)),(4,5))	407	10
((1,(2,3)),(4,5))	((1,(2,3)),(4,5))	408	6
((1,(2,3)),(4,5))	((1,(2,3)),(4,5))	409	6
((1,(2,3)),(4,5))	((1,(2,3)),(4,5))	410	7
((1,(2,3)),(4,5))	((1,(2,3)),(4,5))	411	5
((1,(2,3)),(4,5))	((1,(2,3)),(4,5))	412	9
((1,(2,3)),(4,5))	((1,(2,3)),(4,5))	413	5
((1,(2,3)),(4,5))	((1,(2,3)),(4,5))	414	7
((1,(2,3)),(4,5))	((1,(2,3)),(4,5))	415	4
((1,(2,3)),(4,5))	((1,(2,3)),(4,5))	416	6
((1,(2,3)),(4,5))	((1,(2,3)),(4,5))	417	6
((1,(2,3)),(4,5))	((1,(2,3)),(4,5))	418	8
((1,(2,3)),(4,5))	((1,(2,3)),(4,5))	419	7
((1,(2,3)),(4,5))	((1,(2,3)),(4,5))	420	5
((1,(2,3)),(4,5))	((1,(2,3)),(4,5))	421	9
((1,(2,3)),(4,5))	((1,(2,3)),(4,5))	422	6
((1,(2,3)),(4,5))	((1,(2,3)),(4,5))	423	7
((1,(2,3)),(4,5))	((1,(2,3)),(4,5))	424	9
((1,(2,3)),(4,5))	((1,(2,3)),(4,5))	425	7
((1,(2,3)),(4,5))	((1,(2,3)),(4,5))	426	4
((1,(2,3)),(4,5))	((1,(2,3)),(4,5))	427	9
((1,(2,3)),(4,5))	((1,(2,3)),(4,5))	428	10
((1,(2,3)),(4,5))	((1,(2,3)),(4,5))	429	5
((1,(2,3)),(4,5))	((1,(2,3)),(4,5))	430	4
((1,(2,3)),(4,5))	((1,(2,3)),(4,5))	431	7
((1,(2,3)),(4,5))	((1,(2,3)),(4,5))	432	6
((1,(2,3)),(4,5))	((1,(2,3)),(4,5))	433	6
((1,(2,3)),(4,5))	((1,(2,3)),(4,5))	435	8
((1,(2,3)),(4,5))	((1,(2,3)),(4,5))	436	5
((1,(2,3)),(4,5))	((1,(2,3)),(4,5))	437	3
((1,(2,3)),(4,5))	((1,(2,3)),(4,5))	438	3
((1,(2,3)),(4,5))	((1,(2,3)),(4,5))	439	4
((1,(2,3)),(4,5))	((1,(2,3)),(4,5))	440	4
((1,(2,3)),(4,5))	((1,(2,3)),(4,5))	441	2
((1,(2,3)),(4,5))	((1,(2,3)),(4,5))	442	6
((1,(2,3)),(4,5))	((1,(2,3)),(4,5))	443	3
((1,(2,3)),(4,5))	((1,(2,3)),(4,5))	444	3
((1,(2,3)),(4,5))	((1,(2,3)),(4,5))	445	2
((1,(2,3)),(4,5))	((1,(2,3)),(4,5))	446	1
((1,(2,3)),(4,5))	((1,(2,3)),(4,5))	448	3
((1,(2,3)),(4,5))	((1,(2,3)),(4,5))	449	3
((1,(2,3)),(4,5))	((1,(2,3)),(4,5))	450	2
((1,(2,3)),(4,5))	((1,(2,3)),(4,5))	451	2
((1,(2,3)),(4,5))	((1,(2,3)),(4,5))	452	4
((1,(2,3)),(4,5))	((1,(2,3)),(4,5))	453	6
((1,(2,3)),(4,5))	((1,(2,3)),(4,5))	454	3
((1,(2,3)),(4,5))	((1,(2,3)),(4,5))	455	5
((1,(2,3)),(4,5))	((1,(2,3)),(4,5))	456	5
((1,(2,3)),(4,5))	((1,(2,3)),(4,5))	458	2
((1,(2,3)),(4,5))	((1,(2,3)),(4,5))	459	2
((1,(2,3)),(4,5))	((1,(2,3)),(4,5))	461	3
((1,(2,3)),(4,5))	((1,(2,3)),(4,5))	462	2
((1,(2,3)),(4,5))	((1,(2,3)),(4,5))	463	4
((1,(2,3)),(4,5))	((1,(2,3)),(4,5))	464	1
((1,(2,3)),(4,5))	((1,(2,3)),(4,5))	465	6
((1,(2,3)),(4,5))	((1,(2,3)),(4,5))	466	4
((1,(2,3)),(4,5))	((1,(2,3)),(4,5))	467	4
((1,(2,3)),(4,5))	((1,(2,3)),(4,5))	468	1
((1,(2,3)),(4,5))	((1,(2,3)),(4,5))	469	2
((1,(2,3)),(4,5))	((1,(2,3)),(4,5))	470	2
((1,(2,3)),(4,5))	((1,(2,3)),(4,5))	471	3
((1,(2,3)),(4,5))	((1,(2,3)),(4,5))	472	3
((1,(2,3)),(4,5))	((1,(2,3)),(4,5))	473	3
((1,(2,3)),(4,5))	((1,(2,3)),(4,5))	474	1
((1,(2,3)),(4,5))	((1,(2,3)),(4,5))	475	2
((1,(2,3)),(4,5))	((1,(2,3)),(4,5))	476	1
((1,(2,3)),(4,5))	((1,(2,3)),(4,5))	479	4
((1,(2,3)),(4,5))	((1,(2,3)),(4,5))	481	1
((1,(2,3)),(4,5))	((1,(2,3)),(4,5))	482	2
((1,(2,3)),(4,5))	((1,(2,3)),(4,5))	483	3
((1,(2,3)),(4,5))	((1,(2,3)),(4,5))	484	1
((1,(2,3)),(4,5))	((1,(2,3)),(4,5))	485	2
((1,(2,3)),(4,5))	((1,(2,3)),(4,5))	486	1
((1,(2,3)),(4,5))	((1,(2,3)),(4,5))	487	2
((1,(2,3)),(4,5))	((1,(2,3)),(4,5))	488	2
((1,(2,3)),(4,5))	((1,(2,3)),(4,5))	489	1
((1,(2,3)),(4,5))	((1,(2,3)),(4,5))	491	3
((1,(2,3)),(4,5))	((1,(2,3)),(4,5))	493	2
((1,(2,3)),(4,5))	((1,(2,3)),(4,5))	494	1
((1,(2,3)),(4,5))	((1,(2,3)),(4,5))	495	3
((1,(2,3)),(4,5))	((1,(2,3)),(4,5))	496	2
((1,(2,3)),(4,5))	((1,(2,3)),(4,5))	497	2
((1,(2,3)),(4,5))	((1,(2,3)),(4,5))	499	1
((1,(2,3)),(4,5))	((1,(2,3)),(4,5))	500	2
((1,(2,3)),(4,5))	((1,(2,3)),(4,5))	501	1
((1,(2,3)),(4,5))	((1,(2,3)),(4,5))	502	1
((1,(2,3)),(4,5))	((1,(2,3)),(4,5))	503	1
((1,(2,3)),(4,5))	((1,(2,3)),(4,5))	504	2
((1,(2,3)),(4,5))	((1,(2,3)),(4,5))	505	1
((1,(2,3)),(4,5))	((1,(2,3)),(4,5))	506	4
((1,(2,3)),(4,5))	((1,(2,3)),(4,5))	507	2
((1,(2,3)),(4,5))	((1,(2,3)),(4,5))	509	2
((1,(2,3)),(4,5))	((1,(2,3)),(4,5))	511	4
((1,(2,3)),(4,5))	((1,(2,3)),(4,5))	512	2
((1,(2,3)),(4,5))	((1,(2,3)),(4,5))	514	1
((1,(2,3)),(4,5))	((1,(2,3)),(4,5))	515	1
((1,(2,3)),(4,5))	((1,(2,3)),(4,5))	516	1
((1,(2,3)),(4,5))	((1,(2,3)),(4,5))	517	1
((1,(2,3)),(4,5))	((1,(2,3)),(4,5))	518	1
((1,(2,3)),(4,5))	((1,(2,3)),(4,5))	519	2
((1,(2,3)),(4,5))	((1,(2,3)),(4,5))	520	1
((1,(2,3)),(4,5))	((1,(2,3)),(4,5))	521	1
((1,(2,3)),(4,5))	((1,(2,3)),(4,5))	524	4
((1,(2,3)),(4,5))	((1,(2,3)),(4,5))	526	1
((1,(2,3)),(4,5))	((1,(2,3)),(4,5))	528	2
((1,(2,3)),(4,5))	((1,(2,3)),(4,5))	533	1
((1,(2,3)),(4,5))	((1,(2,3)),(4,5))	534	1
((1,(2,3)),(4,5))	((1,(2,3)),(4,5))	535	1
((1,(2,3)),(4,5))	((1,(2,3)),(4,5))	537	1
((1,(2,3)),(4,5))	((1,(2,3)),(4,5))	538	2
((1,(2,3)),(4,5))	((1,(2,3)),(4,5))	540	2
((1,(2,3)),(4,5))	((1,(2,3)),(4,5))	541	1
((1,(2,3)),(4,5))	((1,(2,3)),(4,5))	543	3
((1,(2,3)),(4,5))	((1,(2,3)),(4,5))	545	2
((1,(2,3)),(4,5))	((1,(2,3)),(4,5))	546	1
((1,(2,3)),(4,5))	((1,(2,3)),(4,5))	548	2
((1,(2,3)),(4,5))	((1,(2,3)),(4,5))	555	1
((1,(2,3)),(4,5))	((1,(2,3)),(4,5))	556	2
((1,(2,3)),(4,5))	((1,(2,3)),(4,5))	557	1
((1,(2,3)),(4,5))	((1,(2,3)),(4,5))	558	2
((1,(2,3)),(4,5))	((1,(2,3)),(4,5))	564	1
((1,(2,3)),(4,5))	((1,(2,3)),(4,5))	571	1
((1,(2,3)),(4,5))	((1,(2,3)),(4,5))	574	1
((1,(2,3)),(4,5))	((1,(2,3)),(4,5))	586	2
((1,(2,3)),(4,5))	((1,(2,3)),(4,5))	598	1
((1,(2,3)),(4,5))	((1,(2,3)),(4,5))	602	1
((1,(2,3)),(4,5))	((1,(2,3)),(4,5))	605	1
((1,(2,3)),(4,5))	((1,(2,3)),(4,5))	606	1
((1,(2,3)),(4,5))	((1,(2,3)),(4,5))	627	1
((1,(2,3)),(4,5))	((1,(2,3)),(4,5))	644	1
((1,(2,3)),(4,5))	((1,(2,3)),(4,5))	648	1
((1,(2,3)),(4,5))	((1,(2,3)),(4,5))	671	1
((1,(2,3)),(4,5))	((1,(2,3)),(4,5))	717	1
((1,(2,3)),(4,5))	((1,(2,3)),(4,5))	756	1
((1,(2,3)),(4,5))	((1,(2,3)),(4,5))	793	1
