(((1,2),3),(4,5))	(((1,2),3),(4,5))	2	2954
(((1,2),3),(4,5))	(((1,2),3),(4,5))	3	4161
(((1,2),3),(4,5))	(((1,2),3),(4,5))	4	4610
(((1,2),3),(4,5))	(((1,2),3),(4,5))	5	4590
(((1,2),3),(4,5))	(((1,2),3),(4,5))	6	4483
(((1,2),3),(4,5))	(((1,2),3),(4,5))	7	4204
(((1,2),3),(4,5))	(((1,2),3),(4,5))	8	3947
(((1,2),3),(4,5))	(((1,2),3),(4,5))	9	3793
(((1,2),3),(4,5))	(((1,2),3),(4,5))	10	3617
(((1,2),3),(4,5))	(((1,2),3),(4,5))	11	3441
(((1,2),3),(4,5))	(((1,2),3),(4,5))	12	3443
(((1,2),3),(4,5))	(((1,2),3),(4,5))	13	3134
(((1,2),3),(4,5))	(((1,2),3),(4,5))	14	3183
(((1,2),3),(4,5))	(((1,2),3),(4,5))	15	3034
(((1,2),3),(4,5))	(((1,2),3),(4,5))	16	2996
(((1,2),3),(4,5))	(((1,2),3),(4,5))	17	2879
(((1,2),3),(4,5))	(((1,2),3),(4,5))	18	2731
(((1,2),3),(4,5))	(((1,2),3),(4,5))	19	2722
(((1,2),3),(4,5))	(((1,2),3),(4,5))	20	2597
(((1,2),3),(4,5))	(((1,2),3),(4,5))	21	2538
(((1,2),3),(4,5))	(((1,2),3),(4,5))	22	2497
(((1,2),3),(4,5))	(((1,2),3),(4,5))	23	2412
(((1,2),3),(4,5))	(((1,2),3),(4,5))	24	2460
(((1,2),3),(4,5))	(((1,2),3),(4,5))	25	2330
(((1,2),3),(4,5))	(((1,2),3),(4,5))	26	2292
(((1,2),3),(4,5))	(((1,2),3),(4,5))	27	2214
(((1,2),3),(4,5))	(((1,2),3),(4,5))	28	2150
(((1,2),3),(4,5))	(((1,2),3),(4,5))	29	2111
(((1,2),3),(4,5))	(((1,2),3),(4,5))	30	2141
(((1,2),3),(4,5))	(((1,2),3),(4,5))	31	2032
(((1,2),3),(4,5))	(((1,2),3),(4,5))	32	2007
(((1,2),3),(4,5))	(((1,2),3),(4,5))	33	1921
(((1,2),3),(4,5))	(((1,2),3),(4,5))	34	1975
(((1,2),3),(4,5))	(((1,2),3),(4,5))	35	1862
(((1,2),3),(4,5))	(((1,2),3),(4,5))	36	1832
(((1,2),3),(4,5))	(((1,2),3),(4,5))	37	1822
(((1,2),3),(4,5))	(((1,2),3),(4,5))	38	1826
(((1,2),3),(4,5))	(((1,2),3),(4,5))	39	1751
(((1,2),3),(4,5))	(((1,2),3),(4,5))	40	1634
(((1,2),3),(4,5))	(((1,2),3),(4,5))	41	1665
(((1,2),3),(4,5))	(((1,2),3),(4,5))	42	1599
(((1,2),3),(4,5))	(((1,2),3),(4,5))	43	1570
(((1,2),3),(4,5))	(((1,2),3),(4,5))	44	1603
(((1,2),3),(4,5))	(((1,2),3),(4,5))	45	1492
(((1,2),3),(4,5))	(((1,2),3),(4,5))	46	1540
(((1,2),3),(4,5))	(((1,2),3),(4,5))	47	1460
(((1,2),3),(4,5))	(((1,2),3),(4,5))	48	1466
(((1,2),3),(4,5))	(((1,2),3),(4,5))	49	1399
(((1,2),3),(4,5))	(((1,2),3),(4,5))	50	1414
(((1,2),3),(4,5))	(((1,2),3),(4,5))	51	1353
(((1,2),3),(4,5))	(((1,2),3),(4,5))	52	1339
(((1,2),3),(4,5))	(((1,2),3),(4,5))	53	1311
(((1,2),3),(4,5))	(((1,2),3),(4,5))	54	1257
(((1,2),3),(4,5))	(((1,2),3),(4,5))	55	1317
(((1,2),3),(4,5))	(((1,2),3),(4,5))	56	1239
(((1,2),3),(4,5))	(((1,2),3),(4,5))	57	1227
(((1,2),3),(4,5))	(((1,2),3),(4,5))	58	1184
(((1,2),3),(4,5))	(((1,2),3),(4,5))	59	1112
(((1,2),3),(4,5))	(((1,2),3),(4,5))	60	1145
(((1,2),3),(4,5))	(((1,2),3),(4,5))	61	1134
(((1,2),3),(4,5))	(((1,2),3),(4,5))	62	1069
(((1,2),3),(4,5))	(((1,2),3),(4,5))	63	1111
(((1,2),3),(4,5))	(((1,2),3),(4,5))	64	1053
(((1,2),3),(4,5))	(((1,2),3),(4,5))	65	1032
(((1,2),3),(4,5))	(((1,2),3),(4,5))	66	978
(((1,2),3),(4,5))	(((1,2),3),(4,5))	67	974
(((1,2),3),(4,5))	(((1,2),3),(4,5))	68	924
(((1,2),3),(4,5))	(((1,2),3),(4,5))	69	951
(((1,2),3),(4,5))	(((1,2),3),(4,5))	70	926
(((1,2),3),(4,5))	(((1,2),3),(4,5))	71	907
(((1,2),3),(4,5))	(((1,2),3),(4,5))	72	891
(((1,2),3),(4,5))	(((1,2),3),(4,5))	73	897
(((1,2),3),(4,5))	(((1,2),3),(4,5))	74	879
(((1,2),3),(4,5))	(((1,2),3),(4,5))	75	844
(((1,2),3),(4,5))	(((1,2),3),(4,5))	76	792
(((1,2),3),(4,5))	(((1,2),3),(4,5))	77	803
(((1,2),3),(4,5))	(((1,2),3),(4,5))	78	800
(((1,2),3),(4,5))	(((1,2),3),(4,5))	79	768
(((1,2),3),(4,5))	(((1,2),3),(4,5))	80	813
(((1,2),3),(4,5))	(((1,2),3),(4,5))	81	755
(((1,2),3),(4,5))	(((1,2),3),(4,5))	82	737
(((1,2),3),(4,5))	(((1,2),3),(4,5))	83	755
(((1,2),3),(4,5))	(((1,2),3),(4,5))	84	719
(((1,2),3),(4,5))	(((1,2),3),(4,5))	85	717
(((1,2),3),(4,5))	(((1,2),3),(4,5))	86	699
(((1,2),3),(4,5))	(((1,2),3),(4,5))	87	682
(((1,2),3),(4,5))	(((1,2),3),(4,5))	88	649
(((1,2),3),(4,5))	(((1,2),3),(4,5))	89	665
(((1,2),3),(4,5))	(((1,2),3),(4,5))	90	619
(((1,2),3),(4,5))	(((1,2),3),(4,5))	91	598
(((1,2),3),(4,5))	(((1,2),3),(4,5))	92	635
(((1,2),3),(4,5))	(((1,2),3),(4,5))	93	611
(((1,2),3),(4,5))	(((1,2),3),(4,5))	94	607
(((1,2),3),(4,5))	(((1,2),3),(4,5))	95	584
(((1,2),3),(4,5))	(((1,2),3),(4,5))	96	587
(((1,2),3),(4,5))	(((1,2),3),(4,5))	97	609
(((1,2),3),(4,5))	(((1,2),3),(4,5))	98	574
(((1,2),3),(4,5))	(((1,2),3),(4,5))	99	495
(((1,2),3),(4,5))	(((1,2),3),(4,5))	100	513
(((1,2),3),(4,5))	(((1,2),3),(4,5))	101	494
(((1,2),3),(4,5))	(((1,2),3),(4,5))	102	481
(((1,2),3),(4,5))	(((1,2),3),(4,5))	103	513
(((1,2),3),(4,5))	(((1,2),3),(4,5))	104	542
(((1,2),3),(4,5))	(((1,2),3),(4,5))	105	509
(((1,2),3),(4,5))	(((1,2),3),(4,5))	106	471
(((1,2),3),(4,5))	(((1,2),3),(4,5))	107	442
(((1,2),3),(4,5))	(((1,2),3),(4,5))	108	413
(((1,2),3),(4,5))	(((1,2),3),(4,5))	109	411
(((1,2),3),(4,5))	(((1,2),3),(4,5))	110	415
(((1,2),3),(4,5))	(((1,2),3),(4,5))	111	447
(((1,2),3),(4,5))	(((1,2),3),(4,5))	112	425
(((1,2),3),(4,5))	(((1,2),3),(4,5))	113	413
(((1,2),3),(4,5))	(((1,2),3),(4,5))	114	409
(((1,2),3),(4,5))	(((1,2),3),(4,5))	115	419
(((1,2),3),(4,5))	(((1,2),3),(4,5))	116	391
(((1,2),3),(4,5))	(((1,2),3),(4,5))	117	395
(((1,2),3),(4,5))	(((1,2),3),(4,5))	118	408
(((1,2),3),(4,5))	(((1,2),3),(4,5))	119	363
(((1,2),3),(4,5))	(((1,2),3),(4,5))	120	360
(((1,2),3),(4,5))	(((1,2),3),(4,5))	121	381
(((1,2),3),(4,5))	(((1,2),3),(4,5))	122	354
(((1,2),3),(4,5))	(((1,2),3),(4,5))	123	347
(((1,2),3),(4,5))	(((1,2),3),(4,5))	124	339
(((1,2),3),(4,5))	(((1,2),3),(4,5))	125	327
(((1,2),3),(4,5))	(((1,2),3),(4,5))	126	350
(((1,2),3),(4,5))	(((1,2),3),(4,5))	127	287
(((1,2),3),(4,5))	(((1,2),3),(4,5))	128	315
(((1,2),3),(4,5))	(((1,2),3),(4,5))	129	256
(((1,2),3),(4,5))	(((1,2),3),(4,5))	130	297
(((1,2),3),(4,5))	(((1,2),3),(4,5))	131	279
(((1,2),3),(4,5))	(((1,2),3),(4,5))	132	312
(((1,2),3),(4,5))	(((1,2),3),(4,5))	133	260
(((1,2),3),(4,5))	(((1,2),3),(4,5))	134	267
(((1,2),3),(4,5))	(((1,2),3),(4,5))	135	254
(((1,2),3),(4,5))	(((1,2),3),(4,5))	136	266
(((1,2),3),(4,5))	(((1,2),3),(4,5))	137	273
(((1,2),3),(4,5))	(((1,2),3),(4,5))	138	276
(((1,2),3),(4,5))	(((1,2),3),(4,5))	139	275
(((1,2),3),(4,5))	(((1,2),3),(4,5))	140	253
(((1,2),3),(4,5))	(((1,2),3),(4,5))	141	263
(((1,2),3),(4,5))	(((1,2),3),(4,5))	142	248
(((1,2),3),(4,5))	(((1,2),3),(4,5))	143	240
(((1,2),3),(4,5))	(((1,2),3),(4,5))	144	221
(((1,2),3),(4,5))	(((1,2),3),(4,5))	145	252
(((1,2),3),(4,5))	(((1,2),3),(4,5))	146	220
(((1,2),3),(4,5))	(((1,2),3),(4,5))	147	245
(((1,2),3),(4,5))	(((1,2),3),(4,5))	148	196
(((1,2),3),(4,5))	(((1,2),3),(4,5))	149	211
(((1,2),3),(4,5))	(((1,2),3),(4,5))	150	221
(((1,2),3),(4,5))	(((1,2),3),(4,5))	151	196
(((1,2),3),(4,5))	(((1,2),3),(4,5))	152	210
(((1,2),3),(4,5))	(((1,2),3),(4,5))	153	205
(((1,2),3),(4,5))	(((1,2),3),(4,5))	154	161
(((1,2),3),(4,5))	(((1,2),3),(4,5))	155	192
(((1,2),3),(4,5))	(((1,2),3),(4,5))	156	182
(((1,2),3),(4,5))	(((1,2),3),(4,5))	157	190
(((1,2),3),(4,5))	(((1,2),3),(4,5))	158	185
(((1,2),3),(4,5))	(((1,2),3),(4,5))	159	178
(((1,2),3),(4,5))	(((1,2),3),(4,5))	160	159
(((1,2),3),(4,5))	(((1,2),3),(4,5))	161	166
(((1,2),3),(4,5))	(((1,2),3),(4,5))	162	178
(((1,2),3),(4,5))	(((1,2),3),(4,5))	163	167
(((1,2),3),(4,5))	(((1,2),3),(4,5))	164	162
(((1,2),3),(4,5))	(((1,2),3),(4,5))	165	139
(((1,2),3),(4,5))	(((1,2),3),(4,5))	166	122
(((1,2),3),(4,5))	(((1,2),3),(4,5))	167	156
(((1,2),3),(4,5))	(((1,2),3),(4,5))	168	144
(((1,2),3),(4,5))	(((1,2),3),(4,5))	169	149
(((1,2),3),(4,5))	(((1,2),3),(4,5))	170	157
(((1,2),3),(4,5))	(((1,2),3),(4,5))	171	144
(((1,2),3),(4,5))	(((1,2),3),(4,5))	172	132
(((1,2),3),(4,5))	(((1,2),3),(4,5))	173	155
(((1,2),3),(4,5))	(((1,2),3),(4,5))	174	125
(((1,2),3),(4,5))	(((1,2),3),(4,5))	175	134
(((1,2),3),(4,5))	(((1,2),3),(4,5))	176	127
(((1,2),3),(4,5))	(((1,2),3),(4,5))	177	105
(((1,2),3),(4,5))	(((1,2),3),(4,5))	178	118
(((1,2),3),(4,5))	(((1,2),3),(4,5))	179	122
(((1,2),3),(4,5))	(((1,2),3),(4,5))	180	109
(((1,2),3),(4,5))	(((1,2),3),(4,5))	181	105
(((1,2),3),(4,5))	(((1,2),3),(4,5))	182	104
(((1,2),3),(4,5))	(((1,2),3),(4,5))	183	115
(((1,2),3),(4,5))	(((1,2),3),(4,5))	184	99
(((1,2),3),(4,5))	(((1,2),3),(4,5))	185	100
(((1,2),3),(4,5))	(((1,2),3),(4,5))	186	119
(((1,2),3),(4,5))	(((1,2),3),(4,5))	187	109
(((1,2),3),(4,5))	(((1,2),3),(4,5))	188	117
(((1,2),3),(4,5))	(((1,2),3),(4,5))	189	86
(((1,2),3),(4,5))	(((1,2),3),(4,5))	190	87
(((1,2),3),(4,5))	(((1,2),3),(4,5))	191	101
(((1,2),3),(4,5))	(((1,2),3),(4,5))	192	91
(((1,2),3),(4,5))	(((1,2),3),(4,5))	193	96
(((1,2),3),(4,5))	(((1,2),3),(4,5))	194	90
(((1,2),3),(4,5))	(((1,2),3),(4,5))	195	77
(((1,2),3),(4,5))	(((1,2),3),(4,5))	196	80
(((1,2),3),(4,5))	(((1,2),3),(4,5))	197	68
(((1,2),3),(4,5))	(((1,2),3),(4,5))	198	76
(((1,2),3),(4,5))	(((1,2),3),(4,5))	199	85
(((1,2),3),(4,5))	(((1,2),3),(4,5))	200	66
(((1,2),3),(4,5))	(((1,2),3),(4,5))	201	81
(((1,2),3),(4,5))	(((1,2),3),(4,5))	202	77
(((1,2),3),(4,5))	(((1,2),3),(4,5))	203	71
(((1,2),3),(4,5))	(((1,2),3),(4,5))	204	71
(((1,2),3),(4,5))	(((1,2),3),(4,5))	205	72
(((1,2),3),(4,5))	(((1,2),3),(4,5))	206	68
(((1,2),3),(4,5))	(((1,2),3),(4,5))	207	63
(((1,2),3),(4,5))	(((1,2),3),(4,5))	208	69
(((1,2),3),(4,5))	(((1,2),3),(4,5))	209	62
(((1,2),3),(4,5))	(((1,2),3),(4,5))	210	60
(((1,2),3),(4,5))	(((1,2),3),(4,5))	211	75
(((1,2),3),(4,5))	(((1,2),3),(4,5))	212	65
(((1,2),3),(4,5))	(((1,2),3),(4,5))	213	68
(((1,2),3),(4,5))	(((1,2),3),(4,5))	214	75
(((1,2),3),(4,5))	(((1,2),3),(4,5))	215	63
(((1,2),3),(4,5))	(((1,2),3),(4,5))	216	51
(((1,2),3),(4,5))	(((1,2),3),(4,5))	217	59
(((1,2),3),(4,5))	(((1,2),3),(4,5))	218	56
(((1,2),3),(4,5))	(((1,2),3),(4,5))	219	51
(((1,2),3),(4,5))	(((1,2),3),(4,5))	220	41
(((1,2),3),(4,5))	(((1,2),3),(4,5))	221	61
(((1,2),3),(4,5))	(((1,2),3),(4,5))	222	54
(((1,2),3),(4,5))	(((1,2),3),(4,5))	223	47
(((1,2),3),(4,5))	(((1,2),3),(4,5))	224	50
(((1,2),3),(4,5))	(((1,2),3),(4,5))	225	37
(((1,2),3),(4,5))	(((1,2),3),(4,5))	226	49
(((1,2),3),(4,5))	(((1,2),3),(4,5))	227	41
(((1,2),3),(4,5))	(((1,2),3),(4,5))	228	41
(((1,2),3),(4,5))	(((1,2),3),(4,5))	229	61
(((1,2),3),(4,5))	(((1,2),3),(4,5))	230	55
(((1,2),3),(4,5))	(((1,2),3),(4,5))	231	30
(((1,2),3),(4,5))	(((1,2),3),(4,5))	232	43
(((1,2),3),(4,5))	(((1,2),3),(4,5))	233	32
(((1,2),3),(4,5))	(((1,2),3),(4,5))	234	39
(((1,2),3),(4,5))	(((1,2),3),(4,5))	235	47
(((1,2),3),(4,5))	(((1,2),3),(4,5))	236	53
(((1,2),3),(4,5))	(((1,2),3),(4,5))	237	39
(((1,2),3),(4,5))	(((1,2),3),(4,5))	238	35
(((1,2),3),(4,5))	(((1,2),3),(4,5))	239	43
(((1,2),3),(4,5))	(((1,2),3),(4,5))	240	46
(((1,2),3),(4,5))	(((1,2),3),(4,5))	241	36
(((1,2),3),(4,5))	(((1,2),3),(4,5))	242	37
(((1,2),3),(4,5))	(((1,2),3),(4,5))	243	40
(((1,2),3),(4,5))	(((1,2),3),(4,5))	244	23
(((1,2),3),(4,5))	(((1,2),3),(4,5))	245	32
(((1,2),3),(4,5))	(((1,2),3),(4,5))	246	34
(((1,2),3),(4,5))	(((1,2),3),(4,5))	247	35
(((1,2),3),(4,5))	(((1,2),3),(4,5))	248	24
(((1,2),3),(4,5))	(((1,2),3),(4,5))	249	29
(((1,2),3),(4,5))	(((1,2),3),(4,5))	250	27
(((1,2),3),(4,5))	(((1,2),3),(4,5))	251	19
(((1,2),3),(4,5))	(((1,2),3),(4,5))	252	27
(((1,2),3),(4,5))	(((1,2),3),(4,5))	253	33
(((1,2),3),(4,5))	(((1,2),3),(4,5))	254	31
(((1,2),3),(4,5))	(((1,2),3),(4,5))	255	25
(((1,2),3),(4,5))	(((1,2),3),(4,5))	256	31
(((1,2),3),(4,5))	(((1,2),3),(4,5))	257	12
(((1,2),3),(4,5))	(((1,2),3),(4,5))	258	35
(((1,2),3),(4,5))	(((1,2),3),(4,5))	259	28
(((1,2),3),(4,5))	(((1,2),3),(4,5))	260	20
(((1,2),3),(4,5))	(((1,2),3),(4,5))	261	26
(((1,2),3),(4,5))	(((1,2),3),(4,5))	262	25
(((1,2),3),(4,5))	(((1,2),3),(4,5))	263	15
(((1,2),3),(4,5))	(((1,2),3),(4,5))	264	17
(((1,2),3),(4,5))	(((1,2),3),(4,5))	265	19
(((1,2),3),(4,5))	(((1,2),3),(4,5))	266	27
(((1,2),3),(4,5))	(((1,2),3),(4,5))	267	20
(((1,2),3),(4,5))	(((1,2),3),(4,5))	268	21
(((1,2),3),(4,5))	(((1,2),3),(4,5))	269	22
(((1,2),3),(4,5))	(((1,2),3),(4,5))	270	20
(((1,2),3),(4,5))	(((1,2),3),(4,5))	271	31
(((1,2),3),(4,5))	(((1,2),3),(4,5))	272	19
(((1,2),3),(4,5))	(((1,2),3),(4,5))	273	20
(((1,2),3),(4,5))	(((1,2),3),(4,5))	274	26
(((1,2),3),(4,5))	(((1,2),3),(4,5))	275	24
(((1,2),3),(4,5))	(((1,2),3),(4,5))	276	24
(((1,2),3),(4,5))	(((1,2),3),(4,5))	277	23
(((1,2),3),(4,5))	(((1,2),3),(4,5))	278	13
(((1,2),3),(4,5))	(((1,2),3),(4,5))	279	20
(((1,2),3),(4,5))	(((1,2),3),(4,5))	280	15
(((1,2),3),(4,5))	(((1,2),3),(4,5))	281	19
(((1,2),3),(4,5))	(((1,2),3),(4,5))	282	15
(((1,2),3),(4,5))	(((1,2),3),(4,5))	283	21
(((1,2),3),(4,5))	(((1,2),3),(4,5))	284	18
(((1,2),3),(4,5))	(((1,2),3),(4,5))	285	23
(((1,2),3),(4,5))	(((1,2),3),(4,5))	286	18
(((1,2),3),(4,5))	(((1,2),3),(4,5))	287	15
(((1,2),3),(4,5))	(((1,2),3),(4,5))	288	9
(((1,2),3),(4,5))	(((1,2),3),(4,5))	289	16
(((1,2),3),(4,5))	(((1,2),3),(4,5))	290	16
(((1,2),3),(4,5))	(((1,2),3),(4,5))	291	15
(((1,2),3),(4,5))	(((1,2),3),(4,5))	292	15
(((1,2),3),(4,5))	(((1,2),3),(4,5))	293	18
(((1,2),3),(4,5))	(((1,2),3),(4,5))	294	9
(((1,2),3),(4,5))	(((1,2),3),(4,5))	295	12
(((1,2),3),(4,5))	(((1,2),3),(4,5))	296	15
(((1,2),3),(4,5))	(((1,2),3),(4,5))	297	10
(((1,2),3),(4,5))	(((1,2),3),(4,5))	298	18
(((1,2),3),(4,5))	(((1,2),3),(4,5))	299	13
(((1,2),3),(4,5))	(((1,2),3),(4,5))	300	11
(((1,2),3),(4,5))	(((1,2),3),(4,5))	301	17
(((1,2),3),(4,5))	(((1,2),3),(4,5))	302	16
(((1,2),3),(4,5))	(((1,2),3),(4,5))	303	9
(((1,2),3),(4,5))	(((1,2),3),(4,5))	304	11
(((1,2),3),(4,5))	(((1,2),3),(4,5))	305	8
(((1,2),3),(4,5))	(((1,2),3),(4,5))	306	8
(((1,2),3),(4,5))	(((1,2),3),(4,5))	307	15
(((1,2),3),(4,5))	(((1,2),3),(4,5))	308	11
(((1,2),3),(4,5))	(((1,2),3),(4,5))	309	11
(((1,2),3),(4,5))	(((1,2),3),(4,5))	310	8
(((1,2),3),(4,5))	(((1,2),3),(4,5))	311	12
(((1,2),3),(4,5))	(((1,2),3),(4,5))	312	14
(((1,2),3),(4,5))	(((1,2),3),(4,5))	313	8
(((1,2),3),(4,5))	(((1,2),3),(4,5))	314	10
(((1,2),3),(4,5))	(((1,2),3),(4,5))	315	11
(((1,2),3),(4,5))	(((1,2),3),(4,5))	316	7
(((1,2),3),(4,5))	(((1,2),3),(4,5))	317	9
(((1,2),3),(4,5))	(((1,2),3),(4,5))	318	5
(((1,2),3),(4,5))	(((1,2),3),(4,5))	319	8
(((1,2),3),(4,5))	(((1,2),3),(4,5))	320	8
(((1,2),3),(4,5))	(((1,2),3),(4,5))	321	11
(((1,2),3),(4,5))	(((1,2),3),(4,5))	322	7
(((1,2),3),(4,5))	(((1,2),3),(4,5))	323	5
(((1,2),3),(4,5))	(((1,2),3),(4,5))	324	16
(((1,2),3),(4,5))	(((1,2),3),(4,5))	325	7
(((1,2),3),(4,5))	(((1,2),3),(4,5))	326	5
(((1,2),3),(4,5))	(((1,2),3),(4,5))	327	4
(((1,2),3),(4,5))	(((1,2),3),(4,5))	328	4
(((1,2),3),(4,5))	(((1,2),3),(4,5))	329	4
(((1,2),3),(4,5))	(((1,2),3),(4,5))	330	8
(((1,2),3),(4,5))	(((1,2),3),(4,5))	331	9
(((1,2),3),(4,5))	(((1,2),3),(4,5))	332	10
(((1,2),3),(4,5))	(((1,2),3),(4,5))	333	4
(((1,2),3),(4,5))	(((1,2),3),(4,5))	334	5
(((1,2),3),(4,5))	(((1,2),3),(4,5))	335	8
(((1,2),3),(4,5))	(((1,2),3),(4,5))	336	8
(((1,2),3),(4,5))	(((1,2),3),(4,5))	337	9
(((1,2),3),(4,5))	(((1,2),3),(4,5))	338	3
(((1,2),3),(4,5))	(((1,2),3),(4,5))	339	5
(((1,2),3),(4,5))	(((1,2),3),(4,5))	340	7
(((1,2),3),(4,5))	(((1,2),3),(4,5))	341	1
(((1,2),3),(4,5))	(((1,2),3),(4,5))	342	7
(((1,2),3),(4,5))	(((1,2),3),(4,5))	343	3
(((1,2),3),(4,5))	(((1,2),3),(4,5))	344	5
(((1,2),3),(4,5))	(((1,2),3),(4,5))	345	2
(((1,2),3),(4,5))	(((1,2),3),(4,5))	346	6
(((1,2),3),(4,5))	(((1,2),3),(4,5))	347	5
(((1,2),3),(4,5))	(((1,2),3),(4,5))	348	2
(((1,2),3),(4,5))	(((1,2),3),(4,5))	349	10
(((1,2),3),(4,5))	(((1,2),3),(4,5))	350	2
(((1,2),3),(4,5))	(((1,2),3),(4,5))	351	5
(((1,2),3),(4,5))	(((1,2),3),(4,5))	352	6
(((1,2),3),(4,5))	(((1,2),3),(4,5))	353	2
(((1,2),3),(4,5))	(((1,2),3),(4,5))	354	11
(((1,2),3),(4,5))	(((1,2),3),(4,5))	355	8
(((1,2),3),(4,5))	(((1,2),3),(4,5))	356	4
(((1,2),3),(4,5))	(((1,2),3),(4,5))	357	6
(((1,2),3),(4,5))	(((1,2),3),(4,5))	358	5
(((1,2),3),(4,5))	(((1,2),3),(4,5))	359	1
(((1,2),3),(4,5))	(((1,2),3),(4,5))	360	6
(((1,2),3),(4,5))	(((1,2),3),(4,5))	362	2
(((1,2),3),(4,5))	(((1,2),3),(4,5))	363	4
(((1,2),3),(4,5))	(((1,2),3),(4,5))	364	1
(((1,2),3),(4,5))	(((1,2),3),(4,5))	365	3
(((1,2),3),(4,5))	(((1,2),3),(4,5))	366	3
(((1,2),3),(4,5))	(((1,2),3),(4,5))	369	7
(((1,2),3),(4,5))	(((1,2),3),(4,5))	370	4
(((1,2),3),(4,5))	(((1,2),3),(4,5))	372	4
(((1,2),3),(4,5))	(((1,2),3),(4,5))	373	3
(((1,2),3),(4,5))	(((1,2),3),(4,5))	374	4
(((1,2),3),(4,5))	(((1,2),3),(4,5))	375	3
(((1,2),3),(4,5))	(((1,2),3),(4,5))	376	4
(((1,2),3),(4,5))	(((1,2),3),(4,5))	377	4
(((1,2),3),(4,5))	(((1,2),3),(4,5))	378	3
(((1,2),3),(4,5))	(((1,2),3),(4,5))	379	3
(((1,2),3),(4,5))	(((1,2),3),(4,5))	380	3
(((1,2),3),(4,5))	(((1,2),3),(4,5))	381	2
(((1,2),3),(4,5))	(((1,2),3),(4,5))	382	2
(((1,2),3),(4,5))	(((1,2),3),(4,5))	383	4
(((1,2),3),(4,5))	(((1,2),3),(4,5))	385	3
(((1,2),3),(4,5))	(((1,2),3),(4,5))	387	2
(((1,2),3),(4,5))	(((1,2),3),(4,5))	388	2
(((1,2),3),(4,5))	(((1,2),3),(4,5))	389	1
(((1,2),3),(4,5))	(((1,2),3),(4,5))	391	2
(((1,2),3),(4,5))	(((1,2),3),(4,5))	392	1
(((1,2),3),(4,5))	(((1,2),3),(4,5))	393	2
(((1,2),3),(4,5))	(((1,2),3),(4,5))	394	1
(((1,2),3),(4,5))	(((1,2),3),(4,5))	395	1
(((1,2),3),(4,5))	(((1,2),3),(4,5))	396	2
(((1,2),3),(4,5))	(((1,2),3),(4,5))	397	6
(((1,2),3),(4,5))	(((1,2),3),(4,5))	398	3
(((1,2),3),(4,5))	(((1,2),3),(4,5))	399	2
(((1,2),3),(4,5))	(((1,2),3),(4,5))	400	4
(((1,2),3),(4,5))	(((1,2),3),(4,5))	401	3
(((1,2),3),(4,5))	(((1,2),3),(4,5))	402	1
(((1,2),3),(4,5))	(((1,2),3),(4,5))	403	2
(((1,2),3),(4,5))	(((1,2),3),(4,5))	404	2
(((1,2),3),(4,5))	(((1,2),3),(4,5))	405	4
(((1,2),3),(4,5))	(((1,2),3),(4,5))	406	2
(((1,2),3),(4,5))	(((1,2),3),(4,5))	408	3
(((1,2),3),(4,5))	(((1,2),3),(4,5))	409	2
(((1,2),3),(4,5))	(((1,2),3),(4,5))	410	1
(((1,2),3),(4,5))	(((1,2),3),(4,5))	412	2
(((1,2),3),(4,5))	(((1,2),3),(4,5))	413	2
(((1,2),3),(4,5))	(((1,2),3),(4,5))	414	1
(((1,2),3),(4,5))	(((1,2),3),(4,5))	415	1
(((1,2),3),(4,5))	(((1,2),3),(4,5))	416	4
(((1,2),3),(4,5))	(((1,2),3),(4,5))	417	1
(((1,2),3),(4,5))	(((1,2),3),(4,5))	419	2
(((1,2),3),(4,5))	(((1,2),3),(4,5))	420	1
(((1,2),3),(4,5))	(((1,2),3),(4,5))	421	1
(((1,2),3),(4,5))	(((1,2),3),(4,5))	422	1
(((1,2),3),(4,5))	(((1,2),3),(4,5))	423	1
(((1,2),3),(4,5))	(((1,2),3),(4,5))	424	2
(((1,2),3),(4,5))	(((1,2),3),(4,5))	425	2
(((1,2),3),(4,5))	(((1,2),3),(4,5))	426	3
(((1,2),3),(4,5))	(((1,2),3),(4,5))	427	1
(((1,2),3),(4,5))	(((1,2),3),(4,5))	428	1
(((1,2),3),(4,5))	(((1,2),3),(4,5))	432	1
(((1,2),3),(4,5))	(((1,2),3),(4,5))	433	1
(((1,2),3),(4,5))	(((1,2),3),(4,5))	434	2
(((1,2),3),(4,5))	(((1,2),3),(4,5))	435	1
(((1,2),3),(4,5))	(((1,2),3),(4,5))	440	1
(((1,2),3),(4,5))	(((1,2),3),(4,5))	441	1
(((1,2),3),(4,5))	(((1,2),3),(4,5))	443	2
(((1,2),3),(4,5))	(((1,2),3),(4,5))	444	1
(((1,2),3),(4,5))	(((1,2),3),(4,5))	447	3
(((1,2),3),(4,5))	(((1,2),3),(4,5))	448	1
(((1,2),3),(4,5))	(((1,2),3),(4,5))	449	1
(((1,2),3),(4,5))	(((1,2),3),(4,5))	451	2
(((1,2),3),(4,5))	(((1,2),3),(4,5))	452	2
(((1,2),3),(4,5))	(((1,2),3),(4,5))	453	2
(((1,2),3),(4,5))	(((1,2),3),(4,5))	456	2
(((1,2),3),(4,5))	(((1,2),3),(4,5))	457	1
(((1,2),3),(4,5))	(((1,2),3),(4,5))	459	1
(((1,2),3),(4,5))	(((1,2),3),(4,5))	460	1
(((1,2),3),(4,5))	(((1,2),3),(4,5))	461	1
(((1,2),3),(4,5))	(((1,2),3),(4,5))	462	1
(((1,2),3),(4,5))	(((1,2),3),(4,5))	464	1
(((1,2),3),(4,5))	(((1,2),3),(4,5))	466	1
(((1,2),3),(4,5))	(((1,2),3),(4,5))	467	1
(((1,2),3),(4,5))	(((1,2),3),(4,5))	470	3
(((1,2),3),(4,5))	(((1,2),3),(4,5))	471	1
(((1,2),3),(4,5))	(((1,2),3),(4,5))	474	1
(((1,2),3),(4,5))	(((1,2),3),(4,5))	475	1
(((1,2),3),(4,5))	(((1,2),3),(4,5))	479	1
(((1,2),3),(4,5))	(((1,2),3),(4,5))	481	1
(((1,2),3),(4,5))	(((1,2),3),(4,5))	483	1
(((1,2),3),(4,5))	(((1,2),3),(4,5))	485	1
(((1,2),3),(4,5))	(((1,2),3),(4,5))	487	1
(((1,2),3),(4,5))	(((1,2),3),(4,5))	490	1
(((1,2),3),(4,5))	(((1,2),3),(4,5))	491	1
(((1,2),3),(4,5))	(((1,2),3),(4,5))	492	1
(((1,2),3),(4,5))	(((1,2),3),(4,5))	497	3
(((1,2),3),(4,5))	(((1,2),3),(4,5))	500	3
(((1,2),3),(4,5))	(((1,2),3),(4,5))	502	2
(((1,2),3),(4,5))	(((1,2),3),(4,5))	503	1
(((1,2),3),(4,5))	(((1,2),3),(4,5))	510	1
(((1,2),3),(4,5))	(((1,2),3),(4,5))	514	1
(((1,2),3),(4,5))	(((1,2),3),(4,5))	515	1
(((1,2),3),(4,5))	(((1,2),3),(4,5))	522	1
(((1,2),3),(4,5))	(((1,2),3),(4,5))	528	1
(((1,2),3),(4,5))	(((1,2),3),(4,5))	529	1
(((1,2),3),(4,5))	(((1,2),3),(4,5))	537	1
(((1,2),3),(4,5))	(((1,2),3),(4,5))	631	2
(((1,2),3),(4,5))	(((1,2),3),(4,5))	727	1
(((1,2),3),(4,5))	((1,2),(3,(4,5)))	1	6917
(((1,2),3),(4,5))	((1,2),(3,(4,5)))	2	5673
(((1,2),3),(4,5))	((1,2),(3,(4,5)))	3	4903
(((1,2),3),(4,5))	((1,2),(3,(4,5)))	4	4448
(((1,2),3),(4,5))	((1,2),(3,(4,5)))	5	4209
(((1,2),3),(4,5))	((1,2),(3,(4,5)))	6	4094
(((1,2),3),(4,5))	((1,2),(3,(4,5)))	7	3841
(((1,2),3),(4,5))	((1,2),(3,(4,5)))	8	3673
(((1,2),3),(4,5))	((1,2),(3,(4,5)))	9	3532
(((1,2),3),(4,5))	((1,2),(3,(4,5)))	10	3403
(((1,2),3),(4,5))	((1,2),(3,(4,5)))	11	3440
(((1,2),3),(4,5))	((1,2),(3,(4,5)))	12	3177
(((1,2),3),(4,5))	((1,2),(3,(4,5)))	13	3120
(((1,2),3),(4,5))	((1,2),(3,(4,5)))	14	3008
(((1,2),3),(4,5))	((1,2),(3,(4,5)))	15	2921
(((1,2),3),(4,5))	((1,2),(3,(4,5)))	16	2812
(((1,2),3),(4,5))	((1,2),(3,(4,5)))	17	2838
(((1,2),3),(4,5))	((1,2),(3,(4,5)))	18	2646
(((1,2),3),(4,5))	((1,2),(3,(4,5)))	19	2584
(((1,2),3),(4,5))	((1,2),(3,(4,5)))	20	2630
(((1,2),3),(4,5))	((1,2),(3,(4,5)))	21	2505
(((1,2),3),(4,5))	((1,2),(3,(4,5)))	22	2480
(((1,2),3),(4,5))	((1,2),(3,(4,5)))	23	2421
(((1,2),3),(4,5))	((1,2),(3,(4,5)))	24	2287
(((1,2),3),(4,5))	((1,2),(3,(4,5)))	25	2337
(((1,2),3),(4,5))	((1,2),(3,(4,5)))	26	2218
(((1,2),3),(4,5))	((1,2),(3,(4,5)))	27	2055
(((1,2),3),(4,5))	((1,2),(3,(4,5)))	28	2155
(((1,2),3),(4,5))	((1,2),(3,(4,5)))	29	2109
(((1,2),3),(4,5))	((1,2),(3,(4,5)))	30	2096
(((1,2),3),(4,5))	((1,2),(3,(4,5)))	31	1990
(((1,2),3),(4,5))	((1,2),(3,(4,5)))	32	1882
(((1,2),3),(4,5))	((1,2),(3,(4,5)))	33	1925
(((1,2),3),(4,5))	((1,2),(3,(4,5)))	34	1867
(((1,2),3),(4,5))	((1,2),(3,(4,5)))	35	1847
(((1,2),3),(4,5))	((1,2),(3,(4,5)))	36	1721
(((1,2),3),(4,5))	((1,2),(3,(4,5)))	37	1744
(((1,2),3),(4,5))	((1,2),(3,(4,5)))	38	1779
(((1,2),3),(4,5))	((1,2),(3,(4,5)))	39	1647
(((1,2),3),(4,5))	((1,2),(3,(4,5)))	40	1657
(((1,2),3),(4,5))	((1,2),(3,(4,5)))	41	1588
(((1,2),3),(4,5))	((1,2),(3,(4,5)))	42	1532
(((1,2),3),(4,5))	((1,2),(3,(4,5)))	43	1502
(((1,2),3),(4,5))	((1,2),(3,(4,5)))	44	1450
(((1,2),3),(4,5))	((1,2),(3,(4,5)))	45	1510
(((1,2),3),(4,5))	((1,2),(3,(4,5)))	46	1403
(((1,2),3),(4,5))	((1,2),(3,(4,5)))	47	1447
(((1,2),3),(4,5))	((1,2),(3,(4,5)))	48	1368
(((1,2),3),(4,5))	((1,2),(3,(4,5)))	49	1304
(((1,2),3),(4,5))	((1,2),(3,(4,5)))	50	1291
(((1,2),3),(4,5))	((1,2),(3,(4,5)))	51	1250
(((1,2),3),(4,5))	((1,2),(3,(4,5)))	52	1253
(((1,2),3),(4,5))	((1,2),(3,(4,5)))	53	1245
(((1,2),3),(4,5))	((1,2),(3,(4,5)))	54	1173
(((1,2),3),(4,5))	((1,2),(3,(4,5)))	55	1168
(((1,2),3),(4,5))	((1,2),(3,(4,5)))	56	1148
(((1,2),3),(4,5))	((1,2),(3,(4,5)))	57	1050
(((1,2),3),(4,5))	((1,2),(3,(4,5)))	58	1071
(((1,2),3),(4,5))	((1,2),(3,(4,5)))	59	1086
(((1,2),3),(4,5))	((1,2),(3,(4,5)))	60	1011
(((1,2),3),(4,5))	((1,2),(3,(4,5)))	61	951
(((1,2),3),(4,5))	((1,2),(3,(4,5)))	62	1042
(((1,2),3),(4,5))	((1,2),(3,(4,5)))	63	1034
(((1,2),3),(4,5))	((1,2),(3,(4,5)))	64	1000
(((1,2),3),(4,5))	((1,2),(3,(4,5)))	65	960
(((1,2),3),(4,5))	((1,2),(3,(4,5)))	66	886
(((1,2),3),(4,5))	((1,2),(3,(4,5)))	67	947
(((1,2),3),(4,5))	((1,2),(3,(4,5)))	68	921
(((1,2),3),(4,5))	((1,2),(3,(4,5)))	69	867
(((1,2),3),(4,5))	((1,2),(3,(4,5)))	70	853
(((1,2),3),(4,5))	((1,2),(3,(4,5)))	71	840
(((1,2),3),(4,5))	((1,2),(3,(4,5)))	72	840
(((1,2),3),(4,5))	((1,2),(3,(4,5)))	73	771
(((1,2),3),(4,5))	((1,2),(3,(4,5)))	74	785
(((1,2),3),(4,5))	((1,2),(3,(4,5)))	75	780
(((1,2),3),(4,5))	((1,2),(3,(4,5)))	76	777
(((1,2),3),(4,5))	((1,2),(3,(4,5)))	77	772
(((1,2),3),(4,5))	((1,2),(3,(4,5)))	78	767
(((1,2),3),(4,5))	((1,2),(3,(4,5)))	79	777
(((1,2),3),(4,5))	((1,2),(3,(4,5)))	80	696
(((1,2),3),(4,5))	((1,2),(3,(4,5)))	81	682
(((1,2),3),(4,5))	((1,2),(3,(4,5)))	82	713
(((1,2),3),(4,5))	((1,2),(3,(4,5)))	83	695
(((1,2),3),(4,5))	((1,2),(3,(4,5)))	84	648
(((1,2),3),(4,5))	((1,2),(3,(4,5)))	85	709
(((1,2),3),(4,5))	((1,2),(3,(4,5)))	86	623
(((1,2),3),(4,5))	((1,2),(3,(4,5)))	87	662
(((1,2),3),(4,5))	((1,2),(3,(4,5)))	88	598
(((1,2),3),(4,5))	((1,2),(3,(4,5)))	89	599
(((1,2),3),(4,5))	((1,2),(3,(4,5)))	90	594
(((1,2),3),(4,5))	((1,2),(3,(4,5)))	91	583
(((1,2),3),(4,5))	((1,2),(3,(4,5)))	92	557
(((1,2),3),(4,5))	((1,2),(3,(4,5)))	93	478
(((1,2),3),(4,5))	((1,2),(3,(4,5)))	94	538
(((1,2),3),(4,5))	((1,2),(3,(4,5)))	95	519
(((1,2),3),(4,5))	((1,2),(3,(4,5)))	96	489
(((1,2),3),(4,5))	((1,2),(3,(4,5)))	97	516
(((1,2),3),(4,5))	((1,2),(3,(4,5)))	98	490
(((1,2),3),(4,5))	((1,2),(3,(4,5)))	99	500
(((1,2),3),(4,5))	((1,2),(3,(4,5)))	100	510
(((1,2),3),(4,5))	((1,2),(3,(4,5)))	101	462
(((1,2),3),(4,5))	((1,2),(3,(4,5)))	102	454
(((1,2),3),(4,5))	((1,2),(3,(4,5)))	103	504
(((1,2),3),(4,5))	((1,2),(3,(4,5)))	104	450
(((1,2),3),(4,5))	((1,2),(3,(4,5)))	105	456
(((1,2),3),(4,5))	((1,2),(3,(4,5)))	106	395
(((1,2),3),(4,5))	((1,2),(3,(4,5)))	107	447
(((1,2),3),(4,5))	((1,2),(3,(4,5)))	108	413
(((1,2),3),(4,5))	((1,2),(3,(4,5)))	109	409
(((1,2),3),(4,5))	((1,2),(3,(4,5)))	110	380
(((1,2),3),(4,5))	((1,2),(3,(4,5)))	111	409
(((1,2),3),(4,5))	((1,2),(3,(4,5)))	112	374
(((1,2),3),(4,5))	((1,2),(3,(4,5)))	113	414
(((1,2),3),(4,5))	((1,2),(3,(4,5)))	114	377
(((1,2),3),(4,5))	((1,2),(3,(4,5)))	115	382
(((1,2),3),(4,5))	((1,2),(3,(4,5)))	116	348
(((1,2),3),(4,5))	((1,2),(3,(4,5)))	117	341
(((1,2),3),(4,5))	((1,2),(3,(4,5)))	118	380
(((1,2),3),(4,5))	((1,2),(3,(4,5)))	119	352
(((1,2),3),(4,5))	((1,2),(3,(4,5)))	120	340
(((1,2),3),(4,5))	((1,2),(3,(4,5)))	121	327
(((1,2),3),(4,5))	((1,2),(3,(4,5)))	122	302
(((1,2),3),(4,5))	((1,2),(3,(4,5)))	123	312
(((1,2),3),(4,5))	((1,2),(3,(4,5)))	124	308
(((1,2),3),(4,5))	((1,2),(3,(4,5)))	125	300
(((1,2),3),(4,5))	((1,2),(3,(4,5)))	126	296
(((1,2),3),(4,5))	((1,2),(3,(4,5)))	127	310
(((1,2),3),(4,5))	((1,2),(3,(4,5)))	128	276
(((1,2),3),(4,5))	((1,2),(3,(4,5)))	129	264
(((1,2),3),(4,5))	((1,2),(3,(4,5)))	130	290
(((1,2),3),(4,5))	((1,2),(3,(4,5)))	131	271
(((1,2),3),(4,5))	((1,2),(3,(4,5)))	132	279
(((1,2),3),(4,5))	((1,2),(3,(4,5)))	133	254
(((1,2),3),(4,5))	((1,2),(3,(4,5)))	134	274
(((1,2),3),(4,5))	((1,2),(3,(4,5)))	135	228
(((1,2),3),(4,5))	((1,2),(3,(4,5)))	136	255
(((1,2),3),(4,5))	((1,2),(3,(4,5)))	137	235
(((1,2),3),(4,5))	((1,2),(3,(4,5)))	138	219
(((1,2),3),(4,5))	((1,2),(3,(4,5)))	139	264
(((1,2),3),(4,5))	((1,2),(3,(4,5)))	140	225
(((1,2),3),(4,5))	((1,2),(3,(4,5)))	141	207
(((1,2),3),(4,5))	((1,2),(3,(4,5)))	142	224
(((1,2),3),(4,5))	((1,2),(3,(4,5)))	143	234
(((1,2),3),(4,5))	((1,2),(3,(4,5)))	144	221
(((1,2),3),(4,5))	((1,2),(3,(4,5)))	145	188
(((1,2),3),(4,5))	((1,2),(3,(4,5)))	146	213
(((1,2),3),(4,5))	((1,2),(3,(4,5)))	147	205
(((1,2),3),(4,5))	((1,2),(3,(4,5)))	148	184
(((1,2),3),(4,5))	((1,2),(3,(4,5)))	149	198
(((1,2),3),(4,5))	((1,2),(3,(4,5)))	150	193
(((1,2),3),(4,5))	((1,2),(3,(4,5)))	151	183
(((1,2),3),(4,5))	((1,2),(3,(4,5)))	152	170
(((1,2),3),(4,5))	((1,2),(3,(4,5)))	153	168
(((1,2),3),(4,5))	((1,2),(3,(4,5)))	154	166
(((1,2),3),(4,5))	((1,2),(3,(4,5)))	155	177
(((1,2),3),(4,5))	((1,2),(3,(4,5)))	156	161
(((1,2),3),(4,5))	((1,2),(3,(4,5)))	157	161
(((1,2),3),(4,5))	((1,2),(3,(4,5)))	158	165
(((1,2),3),(4,5))	((1,2),(3,(4,5)))	159	164
(((1,2),3),(4,5))	((1,2),(3,(4,5)))	160	156
(((1,2),3),(4,5))	((1,2),(3,(4,5)))	161	136
(((1,2),3),(4,5))	((1,2),(3,(4,5)))	162	154
(((1,2),3),(4,5))	((1,2),(3,(4,5)))	163	164
(((1,2),3),(4,5))	((1,2),(3,(4,5)))	164	142
(((1,2),3),(4,5))	((1,2),(3,(4,5)))	165	146
(((1,2),3),(4,5))	((1,2),(3,(4,5)))	166	136
(((1,2),3),(4,5))	((1,2),(3,(4,5)))	167	158
(((1,2),3),(4,5))	((1,2),(3,(4,5)))	168	156
(((1,2),3),(4,5))	((1,2),(3,(4,5)))	169	121
(((1,2),3),(4,5))	((1,2),(3,(4,5)))	170	130
(((1,2),3),(4,5))	((1,2),(3,(4,5)))	171	136
(((1,2),3),(4,5))	((1,2),(3,(4,5)))	172	130
(((1,2),3),(4,5))	((1,2),(3,(4,5)))	173	110
(((1,2),3),(4,5))	((1,2),(3,(4,5)))	174	119
(((1,2),3),(4,5))	((1,2),(3,(4,5)))	175	104
(((1,2),3),(4,5))	((1,2),(3,(4,5)))	176	120
(((1,2),3),(4,5))	((1,2),(3,(4,5)))	177	99
(((1,2),3),(4,5))	((1,2),(3,(4,5)))	178	124
(((1,2),3),(4,5))	((1,2),(3,(4,5)))	179	124
(((1,2),3),(4,5))	((1,2),(3,(4,5)))	180	102
(((1,2),3),(4,5))	((1,2),(3,(4,5)))	181	112
(((1,2),3),(4,5))	((1,2),(3,(4,5)))	182	105
(((1,2),3),(4,5))	((1,2),(3,(4,5)))	183	95
(((1,2),3),(4,5))	((1,2),(3,(4,5)))	184	108
(((1,2),3),(4,5))	((1,2),(3,(4,5)))	185	120
(((1,2),3),(4,5))	((1,2),(3,(4,5)))	186	105
(((1,2),3),(4,5))	((1,2),(3,(4,5)))	187	104
(((1,2),3),(4,5))	((1,2),(3,(4,5)))	188	77
(((1,2),3),(4,5))	((1,2),(3,(4,5)))	189	74
(((1,2),3),(4,5))	((1,2),(3,(4,5)))	190	85
(((1,2),3),(4,5))	((1,2),(3,(4,5)))	191	88
(((1,2),3),(4,5))	((1,2),(3,(4,5)))	192	83
(((1,2),3),(4,5))	((1,2),(3,(4,5)))	193	82
(((1,2),3),(4,5))	((1,2),(3,(4,5)))	194	80
(((1,2),3),(4,5))	((1,2),(3,(4,5)))	195	72
(((1,2),3),(4,5))	((1,2),(3,(4,5)))	196	69
(((1,2),3),(4,5))	((1,2),(3,(4,5)))	197	78
(((1,2),3),(4,5))	((1,2),(3,(4,5)))	198	78
(((1,2),3),(4,5))	((1,2),(3,(4,5)))	199	73
(((1,2),3),(4,5))	((1,2),(3,(4,5)))	200	79
(((1,2),3),(4,5))	((1,2),(3,(4,5)))	201	65
(((1,2),3),(4,5))	((1,2),(3,(4,5)))	202	66
(((1,2),3),(4,5))	((1,2),(3,(4,5)))	203	54
(((1,2),3),(4,5))	((1,2),(3,(4,5)))	204	67
(((1,2),3),(4,5))	((1,2),(3,(4,5)))	205	55
(((1,2),3),(4,5))	((1,2),(3,(4,5)))	206	63
(((1,2),3),(4,5))	((1,2),(3,(4,5)))	207	69
(((1,2),3),(4,5))	((1,2),(3,(4,5)))	208	70
(((1,2),3),(4,5))	((1,2),(3,(4,5)))	209	72
(((1,2),3),(4,5))	((1,2),(3,(4,5)))	210	68
(((1,2),3),(4,5))	((1,2),(3,(4,5)))	211	59
(((1,2),3),(4,5))	((1,2),(3,(4,5)))	212	43
(((1,2),3),(4,5))	((1,2),(3,(4,5)))	213	51
(((1,2),3),(4,5))	((1,2),(3,(4,5)))	214	66
(((1,2),3),(4,5))	((1,2),(3,(4,5)))	215	59
(((1,2),3),(4,5))	((1,2),(3,(4,5)))	216	65
(((1,2),3),(4,5))	((1,2),(3,(4,5)))	217	78
(((1,2),3),(4,5))	((1,2),(3,(4,5)))	218	36
(((1,2),3),(4,5))	((1,2),(3,(4,5)))	219	58
(((1,2),3),(4,5))	((1,2),(3,(4,5)))	220	46
(((1,2),3),(4,5))	((1,2),(3,(4,5)))	221	65
(((1,2),3),(4,5))	((1,2),(3,(4,5)))	222	50
(((1,2),3),(4,5))	((1,2),(3,(4,5)))	223	50
(((1,2),3),(4,5))	((1,2),(3,(4,5)))	224	50
(((1,2),3),(4,5))	((1,2),(3,(4,5)))	225	40
(((1,2),3),(4,5))	((1,2),(3,(4,5)))	226	53
(((1,2),3),(4,5))	((1,2),(3,(4,5)))	227	39
(((1,2),3),(4,5))	((1,2),(3,(4,5)))	228	42
(((1,2),3),(4,5))	((1,2),(3,(4,5)))	229	49
(((1,2),3),(4,5))	((1,2),(3,(4,5)))	230	43
(((1,2),3),(4,5))	((1,2),(3,(4,5)))	231	45
(((1,2),3),(4,5))	((1,2),(3,(4,5)))	232	37
(((1,2),3),(4,5))	((1,2),(3,(4,5)))	233	51
(((1,2),3),(4,5))	((1,2),(3,(4,5)))	234	44
(((1,2),3),(4,5))	((1,2),(3,(4,5)))	235	43
(((1,2),3),(4,5))	((1,2),(3,(4,5)))	236	36
(((1,2),3),(4,5))	((1,2),(3,(4,5)))	237	28
(((1,2),3),(4,5))	((1,2),(3,(4,5)))	238	36
(((1,2),3),(4,5))	((1,2),(3,(4,5)))	239	42
(((1,2),3),(4,5))	((1,2),(3,(4,5)))	240	31
(((1,2),3),(4,5))	((1,2),(3,(4,5)))	241	29
(((1,2),3),(4,5))	((1,2),(3,(4,5)))	242	35
(((1,2),3),(4,5))	((1,2),(3,(4,5)))	243	24
(((1,2),3),(4,5))	((1,2),(3,(4,5)))	244	35
(((1,2),3),(4,5))	((1,2),(3,(4,5)))	245	31
(((1,2),3),(4,5))	((1,2),(3,(4,5)))	246	28
(((1,2),3),(4,5))	((1,2),(3,(4,5)))	247	42
(((1,2),3),(4,5))	((1,2),(3,(4,5)))	248	36
(((1,2),3),(4,5))	((1,2),(3,(4,5)))	249	19
(((1,2),3),(4,5))	((1,2),(3,(4,5)))	250	30
(((1,2),3),(4,5))	((1,2),(3,(4,5)))	251	27
(((1,2),3),(4,5))	((1,2),(3,(4,5)))	252	28
(((1,2),3),(4,5))	((1,2),(3,(4,5)))	253	24
(((1,2),3),(4,5))	((1,2),(3,(4,5)))	254	32
(((1,2),3),(4,5))	((1,2),(3,(4,5)))	255	21
(((1,2),3),(4,5))	((1,2),(3,(4,5)))	256	27
(((1,2),3),(4,5))	((1,2),(3,(4,5)))	257	31
(((1,2),3),(4,5))	((1,2),(3,(4,5)))	258	22
(((1,2),3),(4,5))	((1,2),(3,(4,5)))	259	20
(((1,2),3),(4,5))	((1,2),(3,(4,5)))	260	24
(((1,2),3),(4,5))	((1,2),(3,(4,5)))	261	24
(((1,2),3),(4,5))	((1,2),(3,(4,5)))	262	26
(((1,2),3),(4,5))	((1,2),(3,(4,5)))	263	21
(((1,2),3),(4,5))	((1,2),(3,(4,5)))	264	22
(((1,2),3),(4,5))	((1,2),(3,(4,5)))	265	24
(((1,2),3),(4,5))	((1,2),(3,(4,5)))	266	20
(((1,2),3),(4,5))	((1,2),(3,(4,5)))	267	36
(((1,2),3),(4,5))	((1,2),(3,(4,5)))	268	25
(((1,2),3),(4,5))	((1,2),(3,(4,5)))	269	17
(((1,2),3),(4,5))	((1,2),(3,(4,5)))	270	14
(((1,2),3),(4,5))	((1,2),(3,(4,5)))	271	15
(((1,2),3),(4,5))	((1,2),(3,(4,5)))	272	16
(((1,2),3),(4,5))	((1,2),(3,(4,5)))	273	15
(((1,2),3),(4,5))	((1,2),(3,(4,5)))	274	15
(((1,2),3),(4,5))	((1,2),(3,(4,5)))	275	16
(((1,2),3),(4,5))	((1,2),(3,(4,5)))	276	16
(((1,2),3),(4,5))	((1,2),(3,(4,5)))	277	19
(((1,2),3),(4,5))	((1,2),(3,(4,5)))	278	11
(((1,2),3),(4,5))	((1,2),(3,(4,5)))	279	16
(((1,2),3),(4,5))	((1,2),(3,(4,5)))	280	17
(((1,2),3),(4,5))	((1,2),(3,(4,5)))	281	16
(((1,2),3),(4,5))	((1,2),(3,(4,5)))	282	22
(((1,2),3),(4,5))	((1,2),(3,(4,5)))	283	14
(((1,2),3),(4,5))	((1,2),(3,(4,5)))	284	25
(((1,2),3),(4,5))	((1,2),(3,(4,5)))	285	13
(((1,2),3),(4,5))	((1,2),(3,(4,5)))	286	12
(((1,2),3),(4,5))	((1,2),(3,(4,5)))	287	12
(((1,2),3),(4,5))	((1,2),(3,(4,5)))	288	17
(((1,2),3),(4,5))	((1,2),(3,(4,5)))	289	18
(((1,2),3),(4,5))	((1,2),(3,(4,5)))	290	11
(((1,2),3),(4,5))	((1,2),(3,(4,5)))	291	13
(((1,2),3),(4,5))	((1,2),(3,(4,5)))	292	7
(((1,2),3),(4,5))	((1,2),(3,(4,5)))	293	14
(((1,2),3),(4,5))	((1,2),(3,(4,5)))	294	14
(((1,2),3),(4,5))	((1,2),(3,(4,5)))	295	14
(((1,2),3),(4,5))	((1,2),(3,(4,5)))	296	10
(((1,2),3),(4,5))	((1,2),(3,(4,5)))	297	23
(((1,2),3),(4,5))	((1,2),(3,(4,5)))	298	12
(((1,2),3),(4,5))	((1,2),(3,(4,5)))	299	12
(((1,2),3),(4,5))	((1,2),(3,(4,5)))	300	11
(((1,2),3),(4,5))	((1,2),(3,(4,5)))	301	14
(((1,2),3),(4,5))	((1,2),(3,(4,5)))	302	11
(((1,2),3),(4,5))	((1,2),(3,(4,5)))	303	16
(((1,2),3),(4,5))	((1,2),(3,(4,5)))	304	10
(((1,2),3),(4,5))	((1,2),(3,(4,5)))	305	13
(((1,2),3),(4,5))	((1,2),(3,(4,5)))	306	11
(((1,2),3),(4,5))	((1,2),(3,(4,5)))	307	8
(((1,2),3),(4,5))	((1,2),(3,(4,5)))	308	3
(((1,2),3),(4,5))	((1,2),(3,(4,5)))	309	11
(((1,2),3),(4,5))	((1,2),(3,(4,5)))	310	10
(((1,2),3),(4,5))	((1,2),(3,(4,5)))	311	11
(((1,2),3),(4,5))	((1,2),(3,(4,5)))	312	7
(((1,2),3),(4,5))	((1,2),(3,(4,5)))	313	10
(((1,2),3),(4,5))	((1,2),(3,(4,5)))	314	14
(((1,2),3),(4,5))	((1,2),(3,(4,5)))	315	12
(((1,2),3),(4,5))	((1,2),(3,(4,5)))	316	9
(((1,2),3),(4,5))	((1,2),(3,(4,5)))	317	6
(((1,2),3),(4,5))	((1,2),(3,(4,5)))	318	4
(((1,2),3),(4,5))	((1,2),(3,(4,5)))	319	6
(((1,2),3),(4,5))	((1,2),(3,(4,5)))	320	5
(((1,2),3),(4,5))	((1,2),(3,(4,5)))	321	8
(((1,2),3),(4,5))	((1,2),(3,(4,5)))	322	2
(((1,2),3),(4,5))	((1,2),(3,(4,5)))	323	7
(((1,2),3),(4,5))	((1,2),(3,(4,5)))	324	11
(((1,2),3),(4,5))	((1,2),(3,(4,5)))	325	4
(((1,2),3),(4,5))	((1,2),(3,(4,5)))	326	6
(((1,2),3),(4,5))	((1,2),(3,(4,5)))	327	10
(((1,2),3),(4,5))	((1,2),(3,(4,5)))	328	4
(((1,2),3),(4,5))	((1,2),(3,(4,5)))	329	5
(((1,2),3),(4,5))	((1,2),(3,(4,5)))	330	2
(((1,2),3),(4,5))	((1,2),(3,(4,5)))	331	8
(((1,2),3),(4,5))	((1,2),(3,(4,5)))	332	9
(((1,2),3),(4,5))	((1,2),(3,(4,5)))	333	6
(((1,2),3),(4,5))	((1,2),(3,(4,5)))	334	2
(((1,2),3),(4,5))	((1,2),(3,(4,5)))	335	4
(((1,2),3),(4,5))	((1,2),(3,(4,5)))	336	6
(((1,2),3),(4,5))	((1,2),(3,(4,5)))	337	8
(((1,2),3),(4,5))	((1,2),(3,(4,5)))	338	3
(((1,2),3),(4,5))	((1,2),(3,(4,5)))	339	8
(((1,2),3),(4,5))	((1,2),(3,(4,5)))	340	7
(((1,2),3),(4,5))	((1,2),(3,(4,5)))	341	2
(((1,2),3),(4,5))	((1,2),(3,(4,5)))	342	3
(((1,2),3),(4,5))	((1,2),(3,(4,5)))	343	3
(((1,2),3),(4,5))	((1,2),(3,(4,5)))	344	11
(((1,2),3),(4,5))	((1,2),(3,(4,5)))	345	6
(((1,2),3),(4,5))	((1,2),(3,(4,5)))	346	5
(((1,2),3),(4,5))	((1,2),(3,(4,5)))	347	3
(((1,2),3),(4,5))	((1,2),(3,(4,5)))	348	5
(((1,2),3),(4,5))	((1,2),(3,(4,5)))	349	9
(((1,2),3),(4,5))	((1,2),(3,(4,5)))	350	5
(((1,2),3),(4,5))	((1,2),(3,(4,5)))	351	5
(((1,2),3),(4,5))	((1,2),(3,(4,5)))	352	6
(((1,2),3),(4,5))	((1,2),(3,(4,5)))	353	2
(((1,2),3),(4,5))	((1,2),(3,(4,5)))	354	3
(((1,2),3),(4,5))	((1,2),(3,(4,5)))	355	7
(((1,2),3),(4,5))	((1,2),(3,(4,5)))	356	5
(((1,2),3),(4,5))	((1,2),(3,(4,5)))	357	3
(((1,2),3),(4,5))	((1,2),(3,(4,5)))	358	3
(((1,2),3),(4,5))	((1,2),(3,(4,5)))	359	3
(((1,2),3),(4,5))	((1,2),(3,(4,5)))	360	5
(((1,2),3),(4,5))	((1,2),(3,(4,5)))	361	2
(((1,2),3),(4,5))	((1,2),(3,(4,5)))	362	3
(((1,2),3),(4,5))	((1,2),(3,(4,5)))	363	2
(((1,2),3),(4,5))	((1,2),(3,(4,5)))	364	4
(((1,2),3),(4,5))	((1,2),(3,(4,5)))	365	3
(((1,2),3),(4,5))	((1,2),(3,(4,5)))	367	7
(((1,2),3),(4,5))	((1,2),(3,(4,5)))	368	5
(((1,2),3),(4,5))	((1,2),(3,(4,5)))	369	3
(((1,2),3),(4,5))	((1,2),(3,(4,5)))	370	4
(((1,2),3),(4,5))	((1,2),(3,(4,5)))	371	4
(((1,2),3),(4,5))	((1,2),(3,(4,5)))	372	1
(((1,2),3),(4,5))	((1,2),(3,(4,5)))	373	3
(((1,2),3),(4,5))	((1,2),(3,(4,5)))	374	4
(((1,2),3),(4,5))	((1,2),(3,(4,5)))	375	4
(((1,2),3),(4,5))	((1,2),(3,(4,5)))	376	2
(((1,2),3),(4,5))	((1,2),(3,(4,5)))	377	1
(((1,2),3),(4,5))	((1,2),(3,(4,5)))	378	4
(((1,2),3),(4,5))	((1,2),(3,(4,5)))	379	3
(((1,2),3),(4,5))	((1,2),(3,(4,5)))	380	7
(((1,2),3),(4,5))	((1,2),(3,(4,5)))	381	3
(((1,2),3),(4,5))	((1,2),(3,(4,5)))	382	3
(((1,2),3),(4,5))	((1,2),(3,(4,5)))	383	3
(((1,2),3),(4,5))	((1,2),(3,(4,5)))	384	4
(((1,2),3),(4,5))	((1,2),(3,(4,5)))	385	2
(((1,2),3),(4,5))	((1,2),(3,(4,5)))	386	1
(((1,2),3),(4,5))	((1,2),(3,(4,5)))	388	1
(((1,2),3),(4,5))	((1,2),(3,(4,5)))	389	1
(((1,2),3),(4,5))	((1,2),(3,(4,5)))	390	1
(((1,2),3),(4,5))	((1,2),(3,(4,5)))	391	2
(((1,2),3),(4,5))	((1,2),(3,(4,5)))	393	4
(((1,2),3),(4,5))	((1,2),(3,(4,5)))	394	2
(((1,2),3),(4,5))	((1,2),(3,(4,5)))	395	1
(((1,2),3),(4,5))	((1,2),(3,(4,5)))	396	4
(((1,2),3),(4,5))	((1,2),(3,(4,5)))	397	3
(((1,2),3),(4,5))	((1,2),(3,(4,5)))	398	1
(((1,2),3),(4,5))	((1,2),(3,(4,5)))	399	2
(((1,2),3),(4,5))	((1,2),(3,(4,5)))	401	2
(((1,2),3),(4,5))	((1,2),(3,(4,5)))	402	5
(((1,2),3),(4,5))	((1,2),(3,(4,5)))	403	3
(((1,2),3),(4,5))	((1,2),(3,(4,5)))	404	1
(((1,2),3),(4,5))	((1,2),(3,(4,5)))	405	1
(((1,2),3),(4,5))	((1,2),(3,(4,5)))	406	1
(((1,2),3),(4,5))	((1,2),(3,(4,5)))	407	3
(((1,2),3),(4,5))	((1,2),(3,(4,5)))	408	2
(((1,2),3),(4,5))	((1,2),(3,(4,5)))	409	2
(((1,2),3),(4,5))	((1,2),(3,(4,5)))	412	1
(((1,2),3),(4,5))	((1,2),(3,(4,5)))	413	1
(((1,2),3),(4,5))	((1,2),(3,(4,5)))	414	1
(((1,2),3),(4,5))	((1,2),(3,(4,5)))	415	2
(((1,2),3),(4,5))	((1,2),(3,(4,5)))	418	4
(((1,2),3),(4,5))	((1,2),(3,(4,5)))	419	1
(((1,2),3),(4,5))	((1,2),(3,(4,5)))	420	1
(((1,2),3),(4,5))	((1,2),(3,(4,5)))	421	2
(((1,2),3),(4,5))	((1,2),(3,(4,5)))	423	1
(((1,2),3),(4,5))	((1,2),(3,(4,5)))	424	1
(((1,2),3),(4,5))	((1,2),(3,(4,5)))	425	2
(((1,2),3),(4,5))	((1,2),(3,(4,5)))	426	1
(((1,2),3),(4,5))	((1,2),(3,(4,5)))	427	1
(((1,2),3),(4,5))	((1,2),(3,(4,5)))	428	1
(((1,2),3),(4,5))	((1,2),(3,(4,5)))	429	2
(((1,2),3),(4,5))	((1,2),(3,(4,5)))	430	1
(((1,2),3),(4,5))	((1,2),(3,(4,5)))	431	1
(((1,2),3),(4,5))	((1,2),(3,(4,5)))	432	1
(((1,2),3),(4,5))	((1,2),(3,(4,5)))	434	1
(((1,2),3),(4,5))	((1,2),(3,(4,5)))	435	3
(((1,2),3),(4,5))	((1,2),(3,(4,5)))	436	1
(((1,2),3),(4,5))	((1,2),(3,(4,5)))	443	1
(((1,2),3),(4,5))	((1,2),(3,(4,5)))	444	1
(((1,2),3),(4,5))	((1,2),(3,(4,5)))	445	2
(((1,2),3),(4,5))	((1,2),(3,(4,5)))	446	2
(((1,2),3),(4,5))	((1,2),(3,(4,5)))	448	1
(((1,2),3),(4,5))	((1,2),(3,(4,5)))	450	2
(((1,2),3),(4,5))	((1,2),(3,(4,5)))	451	1
(((1,2),3),(4,5))	((1,2),(3,(4,5)))	452	1
(((1,2),3),(4,5))	((1,2),(3,(4,5)))	455	1
(((1,2),3),(4,5))	((1,2),(3,(4,5)))	458	1
(((1,2),3),(4,5))	((1,2),(3,(4,5)))	460	2
(((1,2),3),(4,5))	((1,2),(3,(4,5)))	462	1
(((1,2),3),(4,5))	((1,2),(3,(4,5)))	463	1
(((1,2),3),(4,5))	((1,2),(3,(4,5)))	464	1
(((1,2),3),(4,5))	((1,2),(3,(4,5)))	465	3
(((1,2),3),(4,5))	((1,2),(3,(4,5)))	466	1
(((1,2),3),(4,5))	((1,2),(3,(4,5)))	470	1
(((1,2),3),(4,5))	((1,2),(3,(4,5)))	471	2
(((1,2),3),(4,5))	((1,2),(3,(4,5)))	472	1
(((1,2),3),(4,5))	((1,2),(3,(4,5)))	474	1
(((1,2),3),(4,5))	((1,2),(3,(4,5)))	477	1
(((1,2),3),(4,5))	((1,2),(3,(4,5)))	478	1
(((1,2),3),(4,5))	((1,2),(3,(4,5)))	479	1
(((1,2),3),(4,5))	((1,2),(3,(4,5)))	481	2
(((1,2),3),(4,5))	((1,2),(3,(4,5)))	482	1
(((1,2),3),(4,5))	((1,2),(3,(4,5)))	490	1
(((1,2),3),(4,5))	((1,2),(3,(4,5)))	491	1
(((1,2),3),(4,5))	((1,2),(3,(4,5)))	495	1
(((1,2),3),(4,5))	((1,2),(3,(4,5)))	504	1
(((1,2),3),(4,5))	((1,2),(3,(4,5)))	510	1
(((1,2),3),(4,5))	((1,2),(3,(4,5)))	518	1
(((1,2),3),(4,5))	((1,2),(3,(4,5)))	523	1
(((1,2),3),(4,5))	((1,2),(3,(4,5)))	527	1
(((1,2),3),(4,5))	((1,2),(3,(4,5)))	531	1
(((1,2),3),(4,5))	((1,2),(3,(4,5)))	575	1
(((1,2),3),(4,5))	((1,2),(3,(4,5)))	588	1
(((1,2),3),(4,5))	((1,2),(3,(4,5)))	591	1
(((1,2),3),(4,5))	((1,2),(3,(4,5)))	592	1
(((1,2),3),(4,5))	((1,2),(3,(4,5)))	599	1
(((1,2),3),(4,5))	((1,2),(3,(4,5)))	668	1
((1,2),(3,(4,5)))	(((1,2),3),(4,5))	1	6865
((1,2),(3,(4,5)))	(((1,2),3),(4,5))	2	5698
((1,2),(3,(4,5)))	(((1,2),3),(4,5))	3	4932
((1,2),(3,(4,5)))	(((1,2),3),(4,5))	4	4422
((1,2),(3,(4,5)))	(((1,2),3),(4,5))	5	4232
((1,2),(3,(4,5)))	(((1,2),3),(4,5))	6	3984
((1,2),(3,(4,5)))	(((1,2),3),(4,5))	7	3863
((1,2),(3,(4,5)))	(((1,2),3),(4,5))	8	3754
((1,2),(3,(4,5)))	(((1,2),3),(4,5))	9	3463
((1,2),(3,(4,5)))	(((1,2),3),(4,5))	10	3225
((1,2),(3,(4,5)))	(((1,2),3),(4,5))	11	3303
((1,2),(3,(4,5)))	(((1,2),3),(4,5))	12	3088
((1,2),(3,(4,5)))	(((1,2),3),(4,5))	13	3067
((1,2),(3,(4,5)))	(((1,2),3),(4,5))	14	2772
((1,2),(3,(4,5)))	(((1,2),3),(4,5))	15	2838
((1,2),(3,(4,5)))	(((1,2),3),(4,5))	16	2718
((1,2),(3,(4,5)))	(((1,2),3),(4,5))	17	2671
((1,2),(3,(4,5)))	(((1,2),3),(4,5))	18	2581
((1,2),(3,(4,5)))	(((1,2),3),(4,5))	19	2524
((1,2),(3,(4,5)))	(((1,2),3),(4,5))	20	2442
((1,2),(3,(4,5)))	(((1,2),3),(4,5))	21	2323
((1,2),(3,(4,5)))	(((1,2),3),(4,5))	22	2286
((1,2),(3,(4,5)))	(((1,2),3),(4,5))	23	2276
((1,2),(3,(4,5)))	(((1,2),3),(4,5))	24	2144
((1,2),(3,(4,5)))	(((1,2),3),(4,5))	25	2181
((1,2),(3,(4,5)))	(((1,2),3),(4,5))	26	2215
((1,2),(3,(4,5)))	(((1,2),3),(4,5))	27	2039
((1,2),(3,(4,5)))	(((1,2),3),(4,5))	28	2006
((1,2),(3,(4,5)))	(((1,2),3),(4,5))	29	1919
((1,2),(3,(4,5)))	(((1,2),3),(4,5))	30	1864
((1,2),(3,(4,5)))	(((1,2),3),(4,5))	31	1869
((1,2),(3,(4,5)))	(((1,2),3),(4,5))	32	1785
((1,2),(3,(4,5)))	(((1,2),3),(4,5))	33	1759
((1,2),(3,(4,5)))	(((1,2),3),(4,5))	34	1720
((1,2),(3,(4,5)))	(((1,2),3),(4,5))	35	1686
((1,2),(3,(4,5)))	(((1,2),3),(4,5))	36	1626
((1,2),(3,(4,5)))	(((1,2),3),(4,5))	37	1587
((1,2),(3,(4,5)))	(((1,2),3),(4,5))	38	1608
((1,2),(3,(4,5)))	(((1,2),3),(4,5))	39	1507
((1,2),(3,(4,5)))	(((1,2),3),(4,5))	40	1496
((1,2),(3,(4,5)))	(((1,2),3),(4,5))	41	1434
((1,2),(3,(4,5)))	(((1,2),3),(4,5))	42	1469
((1,2),(3,(4,5)))	(((1,2),3),(4,5))	43	1399
((1,2),(3,(4,5)))	(((1,2),3),(4,5))	44	1431
((1,2),(3,(4,5)))	(((1,2),3),(4,5))	45	1362
((1,2),(3,(4,5)))	(((1,2),3),(4,5))	46	1339
((1,2),(3,(4,5)))	(((1,2),3),(4,5))	47	1260
((1,2),(3,(4,5)))	(((1,2),3),(4,5))	48	1304
((1,2),(3,(4,5)))	(((1,2),3),(4,5))	49	1210
((1,2),(3,(4,5)))	(((1,2),3),(4,5))	50	1242
((1,2),(3,(4,5)))	(((1,2),3),(4,5))	51	1164
((1,2),(3,(4,5)))	(((1,2),3),(4,5))	52	1179
((1,2),(3,(4,5)))	(((1,2),3),(4,5))	53	1193
((1,2),(3,(4,5)))	(((1,2),3),(4,5))	54	1098
((1,2),(3,(4,5)))	(((1,2),3),(4,5))	55	1132
((1,2),(3,(4,5)))	(((1,2),3),(4,5))	56	1066
((1,2),(3,(4,5)))	(((1,2),3),(4,5))	57	1100
((1,2),(3,(4,5)))	(((1,2),3),(4,5))	58	1033
((1,2),(3,(4,5)))	(((1,2),3),(4,5))	59	1058
((1,2),(3,(4,5)))	(((1,2),3),(4,5))	60	1052
((1,2),(3,(4,5)))	(((1,2),3),(4,5))	61	994
((1,2),(3,(4,5)))	(((1,2),3),(4,5))	62	1045
((1,2),(3,(4,5)))	(((1,2),3),(4,5))	63	1002
((1,2),(3,(4,5)))	(((1,2),3),(4,5))	64	852
((1,2),(3,(4,5)))	(((1,2),3),(4,5))	65	959
((1,2),(3,(4,5)))	(((1,2),3),(4,5))	66	909
((1,2),(3,(4,5)))	(((1,2),3),(4,5))	67	889
((1,2),(3,(4,5)))	(((1,2),3),(4,5))	68	880
((1,2),(3,(4,5)))	(((1,2),3),(4,5))	69	880
((1,2),(3,(4,5)))	(((1,2),3),(4,5))	70	869
((1,2),(3,(4,5)))	(((1,2),3),(4,5))	71	836
((1,2),(3,(4,5)))	(((1,2),3),(4,5))	72	840
((1,2),(3,(4,5)))	(((1,2),3),(4,5))	73	808
((1,2),(3,(4,5)))	(((1,2),3),(4,5))	74	794
((1,2),(3,(4,5)))	(((1,2),3),(4,5))	75	762
((1,2),(3,(4,5)))	(((1,2),3),(4,5))	76	796
((1,2),(3,(4,5)))	(((1,2),3),(4,5))	77	756
((1,2),(3,(4,5)))	(((1,2),3),(4,5))	78	780
((1,2),(3,(4,5)))	(((1,2),3),(4,5))	79	721
((1,2),(3,(4,5)))	(((1,2),3),(4,5))	80	735
((1,2),(3,(4,5)))	(((1,2),3),(4,5))	81	734
((1,2),(3,(4,5)))	(((1,2),3),(4,5))	82	729
((1,2),(3,(4,5)))	(((1,2),3),(4,5))	83	660
((1,2),(3,(4,5)))	(((1,2),3),(4,5))	84	696
((1,2),(3,(4,5)))	(((1,2),3),(4,5))	85	658
((1,2),(3,(4,5)))	(((1,2),3),(4,5))	86	650
((1,2),(3,(4,5)))	(((1,2),3),(4,5))	87	667
((1,2),(3,(4,5)))	(((1,2),3),(4,5))	88	636
((1,2),(3,(4,5)))	(((1,2),3),(4,5))	89	594
((1,2),(3,(4,5)))	(((1,2),3),(4,5))	90	590
((1,2),(3,(4,5)))	(((1,2),3),(4,5))	91	603
((1,2),(3,(4,5)))	(((1,2),3),(4,5))	92	595
((1,2),(3,(4,5)))	(((1,2),3),(4,5))	93	577
((1,2),(3,(4,5)))	(((1,2),3),(4,5))	94	597
((1,2),(3,(4,5)))	(((1,2),3),(4,5))	95	577
((1,2),(3,(4,5)))	(((1,2),3),(4,5))	96	511
((1,2),(3,(4,5)))	(((1,2),3),(4,5))	97	523
((1,2),(3,(4,5)))	(((1,2),3),(4,5))	98	521
((1,2),(3,(4,5)))	(((1,2),3),(4,5))	99	554
((1,2),(3,(4,5)))	(((1,2),3),(4,5))	100	496
((1,2),(3,(4,5)))	(((1,2),3),(4,5))	101	499
((1,2),(3,(4,5)))	(((1,2),3),(4,5))	102	449
((1,2),(3,(4,5)))	(((1,2),3),(4,5))	103	493
((1,2),(3,(4,5)))	(((1,2),3),(4,5))	104	503
((1,2),(3,(4,5)))	(((1,2),3),(4,5))	105	442
((1,2),(3,(4,5)))	(((1,2),3),(4,5))	106	443
((1,2),(3,(4,5)))	(((1,2),3),(4,5))	107	472
((1,2),(3,(4,5)))	(((1,2),3),(4,5))	108	472
((1,2),(3,(4,5)))	(((1,2),3),(4,5))	109	442
((1,2),(3,(4,5)))	(((1,2),3),(4,5))	110	461
((1,2),(3,(4,5)))	(((1,2),3),(4,5))	111	415
((1,2),(3,(4,5)))	(((1,2),3),(4,5))	112	395
((1,2),(3,(4,5)))	(((1,2),3),(4,5))	113	456
((1,2),(3,(4,5)))	(((1,2),3),(4,5))	114	419
((1,2),(3,(4,5)))	(((1,2),3),(4,5))	115	417
((1,2),(3,(4,5)))	(((1,2),3),(4,5))	116	402
((1,2),(3,(4,5)))	(((1,2),3),(4,5))	117	383
((1,2),(3,(4,5)))	(((1,2),3),(4,5))	118	366
((1,2),(3,(4,5)))	(((1,2),3),(4,5))	119	371
((1,2),(3,(4,5)))	(((1,2),3),(4,5))	120	319
((1,2),(3,(4,5)))	(((1,2),3),(4,5))	121	359
((1,2),(3,(4,5)))	(((1,2),3),(4,5))	122	338
((1,2),(3,(4,5)))	(((1,2),3),(4,5))	123	375
((1,2),(3,(4,5)))	(((1,2),3),(4,5))	124	333
((1,2),(3,(4,5)))	(((1,2),3),(4,5))	125	364
((1,2),(3,(4,5)))	(((1,2),3),(4,5))	126	319
((1,2),(3,(4,5)))	(((1,2),3),(4,5))	127	306
((1,2),(3,(4,5)))	(((1,2),3),(4,5))	128	294
((1,2),(3,(4,5)))	(((1,2),3),(4,5))	129	308
((1,2),(3,(4,5)))	(((1,2),3),(4,5))	130	344
((1,2),(3,(4,5)))	(((1,2),3),(4,5))	131	369
((1,2),(3,(4,5)))	(((1,2),3),(4,5))	132	309
((1,2),(3,(4,5)))	(((1,2),3),(4,5))	133	274
((1,2),(3,(4,5)))	(((1,2),3),(4,5))	134	267
((1,2),(3,(4,5)))	(((1,2),3),(4,5))	135	314
((1,2),(3,(4,5)))	(((1,2),3),(4,5))	136	264
((1,2),(3,(4,5)))	(((1,2),3),(4,5))	137	259
((1,2),(3,(4,5)))	(((1,2),3),(4,5))	138	300
((1,2),(3,(4,5)))	(((1,2),3),(4,5))	139	289
((1,2),(3,(4,5)))	(((1,2),3),(4,5))	140	242
((1,2),(3,(4,5)))	(((1,2),3),(4,5))	141	255
((1,2),(3,(4,5)))	(((1,2),3),(4,5))	142	261
((1,2),(3,(4,5)))	(((1,2),3),(4,5))	143	257
((1,2),(3,(4,5)))	(((1,2),3),(4,5))	144	266
((1,2),(3,(4,5)))	(((1,2),3),(4,5))	145	231
((1,2),(3,(4,5)))	(((1,2),3),(4,5))	146	241
((1,2),(3,(4,5)))	(((1,2),3),(4,5))	147	234
((1,2),(3,(4,5)))	(((1,2),3),(4,5))	148	229
((1,2),(3,(4,5)))	(((1,2),3),(4,5))	149	216
((1,2),(3,(4,5)))	(((1,2),3),(4,5))	150	232
((1,2),(3,(4,5)))	(((1,2),3),(4,5))	151	232
((1,2),(3,(4,5)))	(((1,2),3),(4,5))	152	222
((1,2),(3,(4,5)))	(((1,2),3),(4,5))	153	229
((1,2),(3,(4,5)))	(((1,2),3),(4,5))	154	200
((1,2),(3,(4,5)))	(((1,2),3),(4,5))	155	190
((1,2),(3,(4,5)))	(((1,2),3),(4,5))	156	212
((1,2),(3,(4,5)))	(((1,2),3),(4,5))	157	209
((1,2),(3,(4,5)))	(((1,2),3),(4,5))	158	181
((1,2),(3,(4,5)))	(((1,2),3),(4,5))	159	210
((1,2),(3,(4,5)))	(((1,2),3),(4,5))	160	200
((1,2),(3,(4,5)))	(((1,2),3),(4,5))	161	176
((1,2),(3,(4,5)))	(((1,2),3),(4,5))	162	178
((1,2),(3,(4,5)))	(((1,2),3),(4,5))	163	176
((1,2),(3,(4,5)))	(((1,2),3),(4,5))	164	195
((1,2),(3,(4,5)))	(((1,2),3),(4,5))	165	181
((1,2),(3,(4,5)))	(((1,2),3),(4,5))	166	149
((1,2),(3,(4,5)))	(((1,2),3),(4,5))	167	184
((1,2),(3,(4,5)))	(((1,2),3),(4,5))	168	143
((1,2),(3,(4,5)))	(((1,2),3),(4,5))	169	156
((1,2),(3,(4,5)))	(((1,2),3),(4,5))	170	152
((1,2),(3,(4,5)))	(((1,2),3),(4,5))	171	151
((1,2),(3,(4,5)))	(((1,2),3),(4,5))	172	165
((1,2),(3,(4,5)))	(((1,2),3),(4,5))	173	152
((1,2),(3,(4,5)))	(((1,2),3),(4,5))	174	150
((1,2),(3,(4,5)))	(((1,2),3),(4,5))	175	143
((1,2),(3,(4,5)))	(((1,2),3),(4,5))	176	154
((1,2),(3,(4,5)))	(((1,2),3),(4,5))	177	121
((1,2),(3,(4,5)))	(((1,2),3),(4,5))	178	132
((1,2),(3,(4,5)))	(((1,2),3),(4,5))	179	136
((1,2),(3,(4,5)))	(((1,2),3),(4,5))	180	133
((1,2),(3,(4,5)))	(((1,2),3),(4,5))	181	125
((1,2),(3,(4,5)))	(((1,2),3),(4,5))	182	107
((1,2),(3,(4,5)))	(((1,2),3),(4,5))	183	141
((1,2),(3,(4,5)))	(((1,2),3),(4,5))	184	147
((1,2),(3,(4,5)))	(((1,2),3),(4,5))	185	136
((1,2),(3,(4,5)))	(((1,2),3),(4,5))	186	136
((1,2),(3,(4,5)))	(((1,2),3),(4,5))	187	132
((1,2),(3,(4,5)))	(((1,2),3),(4,5))	188	128
((1,2),(3,(4,5)))	(((1,2),3),(4,5))	189	118
((1,2),(3,(4,5)))	(((1,2),3),(4,5))	190	121
((1,2),(3,(4,5)))	(((1,2),3),(4,5))	191	114
((1,2),(3,(4,5)))	(((1,2),3),(4,5))	192	123
((1,2),(3,(4,5)))	(((1,2),3),(4,5))	193	106
((1,2),(3,(4,5)))	(((1,2),3),(4,5))	194	126
((1,2),(3,(4,5)))	(((1,2),3),(4,5))	195	107
((1,2),(3,(4,5)))	(((1,2),3),(4,5))	196	97
((1,2),(3,(4,5)))	(((1,2),3),(4,5))	197	101
((1,2),(3,(4,5)))	(((1,2),3),(4,5))	198	100
((1,2),(3,(4,5)))	(((1,2),3),(4,5))	199	113
((1,2),(3,(4,5)))	(((1,2),3),(4,5))	200	97
((1,2),(3,(4,5)))	(((1,2),3),(4,5))	201	87
((1,2),(3,(4,5)))	(((1,2),3),(4,5))	202	96
((1,2),(3,(4,5)))	(((1,2),3),(4,5))	203	108
((1,2),(3,(4,5)))	(((1,2),3),(4,5))	204	99
((1,2),(3,(4,5)))	(((1,2),3),(4,5))	205	96
((1,2),(3,(4,5)))	(((1,2),3),(4,5))	206	86
((1,2),(3,(4,5)))	(((1,2),3),(4,5))	207	94
((1,2),(3,(4,5)))	(((1,2),3),(4,5))	208	79
((1,2),(3,(4,5)))	(((1,2),3),(4,5))	209	83
((1,2),(3,(4,5)))	(((1,2),3),(4,5))	210	79
((1,2),(3,(4,5)))	(((1,2),3),(4,5))	211	82
((1,2),(3,(4,5)))	(((1,2),3),(4,5))	212	82
((1,2),(3,(4,5)))	(((1,2),3),(4,5))	213	85
((1,2),(3,(4,5)))	(((1,2),3),(4,5))	214	62
((1,2),(3,(4,5)))	(((1,2),3),(4,5))	215	80
((1,2),(3,(4,5)))	(((1,2),3),(4,5))	216	75
((1,2),(3,(4,5)))	(((1,2),3),(4,5))	217	74
((1,2),(3,(4,5)))	(((1,2),3),(4,5))	218	74
((1,2),(3,(4,5)))	(((1,2),3),(4,5))	219	85
((1,2),(3,(4,5)))	(((1,2),3),(4,5))	220	84
((1,2),(3,(4,5)))	(((1,2),3),(4,5))	221	71
((1,2),(3,(4,5)))	(((1,2),3),(4,5))	222	84
((1,2),(3,(4,5)))	(((1,2),3),(4,5))	223	57
((1,2),(3,(4,5)))	(((1,2),3),(4,5))	224	72
((1,2),(3,(4,5)))	(((1,2),3),(4,5))	225	59
((1,2),(3,(4,5)))	(((1,2),3),(4,5))	226	72
((1,2),(3,(4,5)))	(((1,2),3),(4,5))	227	63
((1,2),(3,(4,5)))	(((1,2),3),(4,5))	228	61
((1,2),(3,(4,5)))	(((1,2),3),(4,5))	229	57
((1,2),(3,(4,5)))	(((1,2),3),(4,5))	230	58
((1,2),(3,(4,5)))	(((1,2),3),(4,5))	231	65
((1,2),(3,(4,5)))	(((1,2),3),(4,5))	232	66
((1,2),(3,(4,5)))	(((1,2),3),(4,5))	233	49
((1,2),(3,(4,5)))	(((1,2),3),(4,5))	234	55
((1,2),(3,(4,5)))	(((1,2),3),(4,5))	235	58
((1,2),(3,(4,5)))	(((1,2),3),(4,5))	236	73
((1,2),(3,(4,5)))	(((1,2),3),(4,5))	237	49
((1,2),(3,(4,5)))	(((1,2),3),(4,5))	238	55
((1,2),(3,(4,5)))	(((1,2),3),(4,5))	239	52
((1,2),(3,(4,5)))	(((1,2),3),(4,5))	240	54
((1,2),(3,(4,5)))	(((1,2),3),(4,5))	241	59
((1,2),(3,(4,5)))	(((1,2),3),(4,5))	242	54
((1,2),(3,(4,5)))	(((1,2),3),(4,5))	243	68
((1,2),(3,(4,5)))	(((1,2),3),(4,5))	244	51
((1,2),(3,(4,5)))	(((1,2),3),(4,5))	245	47
((1,2),(3,(4,5)))	(((1,2),3),(4,5))	246	49
((1,2),(3,(4,5)))	(((1,2),3),(4,5))	247	47
((1,2),(3,(4,5)))	(((1,2),3),(4,5))	248	51
((1,2),(3,(4,5)))	(((1,2),3),(4,5))	249	38
((1,2),(3,(4,5)))	(((1,2),3),(4,5))	250	31
((1,2),(3,(4,5)))	(((1,2),3),(4,5))	251	34
((1,2),(3,(4,5)))	(((1,2),3),(4,5))	252	40
((1,2),(3,(4,5)))	(((1,2),3),(4,5))	253	46
((1,2),(3,(4,5)))	(((1,2),3),(4,5))	254	37
((1,2),(3,(4,5)))	(((1,2),3),(4,5))	255	46
((1,2),(3,(4,5)))	(((1,2),3),(4,5))	256	37
((1,2),(3,(4,5)))	(((1,2),3),(4,5))	257	44
((1,2),(3,(4,5)))	(((1,2),3),(4,5))	258	39
((1,2),(3,(4,5)))	(((1,2),3),(4,5))	259	40
((1,2),(3,(4,5)))	(((1,2),3),(4,5))	260	24
((1,2),(3,(4,5)))	(((1,2),3),(4,5))	261	40
((1,2),(3,(4,5)))	(((1,2),3),(4,5))	262	38
((1,2),(3,(4,5)))	(((1,2),3),(4,5))	263	28
((1,2),(3,(4,5)))	(((1,2),3),(4,5))	264	31
((1,2),(3,(4,5)))	(((1,2),3),(4,5))	265	29
((1,2),(3,(4,5)))	(((1,2),3),(4,5))	266	43
((1,2),(3,(4,5)))	(((1,2),3),(4,5))	267	32
((1,2),(3,(4,5)))	(((1,2),3),(4,5))	268	28
((1,2),(3,(4,5)))	(((1,2),3),(4,5))	269	25
((1,2),(3,(4,5)))	(((1,2),3),(4,5))	270	36
((1,2),(3,(4,5)))	(((1,2),3),(4,5))	271	31
((1,2),(3,(4,5)))	(((1,2),3),(4,5))	272	30
((1,2),(3,(4,5)))	(((1,2),3),(4,5))	273	37
((1,2),(3,(4,5)))	(((1,2),3),(4,5))	274	36
((1,2),(3,(4,5)))	(((1,2),3),(4,5))	275	27
((1,2),(3,(4,5)))	(((1,2),3),(4,5))	276	31
((1,2),(3,(4,5)))	(((1,2),3),(4,5))	277	32
((1,2),(3,(4,5)))	(((1,2),3),(4,5))	278	22
((1,2),(3,(4,5)))	(((1,2),3),(4,5))	279	25
((1,2),(3,(4,5)))	(((1,2),3),(4,5))	280	26
((1,2),(3,(4,5)))	(((1,2),3),(4,5))	281	27
((1,2),(3,(4,5)))	(((1,2),3),(4,5))	282	31
((1,2),(3,(4,5)))	(((1,2),3),(4,5))	283	21
((1,2),(3,(4,5)))	(((1,2),3),(4,5))	284	23
((1,2),(3,(4,5)))	(((1,2),3),(4,5))	285	18
((1,2),(3,(4,5)))	(((1,2),3),(4,5))	286	26
((1,2),(3,(4,5)))	(((1,2),3),(4,5))	287	29
((1,2),(3,(4,5)))	(((1,2),3),(4,5))	288	18
((1,2),(3,(4,5)))	(((1,2),3),(4,5))	289	24
((1,2),(3,(4,5)))	(((1,2),3),(4,5))	290	21
((1,2),(3,(4,5)))	(((1,2),3),(4,5))	291	30
((1,2),(3,(4,5)))	(((1,2),3),(4,5))	292	23
((1,2),(3,(4,5)))	(((1,2),3),(4,5))	293	25
((1,2),(3,(4,5)))	(((1,2),3),(4,5))	294	22
((1,2),(3,(4,5)))	(((1,2),3),(4,5))	295	30
((1,2),(3,(4,5)))	(((1,2),3),(4,5))	296	23
((1,2),(3,(4,5)))	(((1,2),3),(4,5))	297	17
((1,2),(3,(4,5)))	(((1,2),3),(4,5))	298	17
((1,2),(3,(4,5)))	(((1,2),3),(4,5))	299	21
((1,2),(3,(4,5)))	(((1,2),3),(4,5))	300	19
((1,2),(3,(4,5)))	(((1,2),3),(4,5))	301	25
((1,2),(3,(4,5)))	(((1,2),3),(4,5))	302	12
((1,2),(3,(4,5)))	(((1,2),3),(4,5))	303	10
((1,2),(3,(4,5)))	(((1,2),3),(4,5))	304	20
((1,2),(3,(4,5)))	(((1,2),3),(4,5))	305	13
((1,2),(3,(4,5)))	(((1,2),3),(4,5))	306	24
((1,2),(3,(4,5)))	(((1,2),3),(4,5))	307	20
((1,2),(3,(4,5)))	(((1,2),3),(4,5))	308	10
((1,2),(3,(4,5)))	(((1,2),3),(4,5))	309	12
((1,2),(3,(4,5)))	(((1,2),3),(4,5))	310	26
((1,2),(3,(4,5)))	(((1,2),3),(4,5))	311	12
((1,2),(3,(4,5)))	(((1,2),3),(4,5))	312	22
((1,2),(3,(4,5)))	(((1,2),3),(4,5))	313	14
((1,2),(3,(4,5)))	(((1,2),3),(4,5))	314	22
((1,2),(3,(4,5)))	(((1,2),3),(4,5))	315	14
((1,2),(3,(4,5)))	(((1,2),3),(4,5))	316	17
((1,2),(3,(4,5)))	(((1,2),3),(4,5))	317	21
((1,2),(3,(4,5)))	(((1,2),3),(4,5))	318	16
((1,2),(3,(4,5)))	(((1,2),3),(4,5))	319	8
((1,2),(3,(4,5)))	(((1,2),3),(4,5))	320	17
((1,2),(3,(4,5)))	(((1,2),3),(4,5))	321	18
((1,2),(3,(4,5)))	(((1,2),3),(4,5))	322	19
((1,2),(3,(4,5)))	(((1,2),3),(4,5))	323	10
((1,2),(3,(4,5)))	(((1,2),3),(4,5))	324	11
((1,2),(3,(4,5)))	(((1,2),3),(4,5))	325	6
((1,2),(3,(4,5)))	(((1,2),3),(4,5))	326	17
((1,2),(3,(4,5)))	(((1,2),3),(4,5))	327	8
((1,2),(3,(4,5)))	(((1,2),3),(4,5))	328	13
((1,2),(3,(4,5)))	(((1,2),3),(4,5))	329	12
((1,2),(3,(4,5)))	(((1,2),3),(4,5))	330	11
((1,2),(3,(4,5)))	(((1,2),3),(4,5))	331	11
((1,2),(3,(4,5)))	(((1,2),3),(4,5))	332	4
((1,2),(3,(4,5)))	(((1,2),3),(4,5))	333	12
((1,2),(3,(4,5)))	(((1,2),3),(4,5))	334	8
((1,2),(3,(4,5)))	(((1,2),3),(4,5))	335	11
((1,2),(3,(4,5)))	(((1,2),3),(4,5))	336	12
((1,2),(3,(4,5)))	(((1,2),3),(4,5))	337	9
((1,2),(3,(4,5)))	(((1,2),3),(4,5))	338	13
((1,2),(3,(4,5)))	(((1,2),3),(4,5))	339	15
((1,2),(3,(4,5)))	(((1,2),3),(4,5))	340	7
((1,2),(3,(4,5)))	(((1,2),3),(4,5))	341	14
((1,2),(3,(4,5)))	(((1,2),3),(4,5))	342	17
((1,2),(3,(4,5)))	(((1,2),3),(4,5))	343	10
((1,2),(3,(4,5)))	(((1,2),3),(4,5))	344	6
((1,2),(3,(4,5)))	(((1,2),3),(4,5))	345	7
((1,2),(3,(4,5)))	(((1,2),3),(4,5))	346	8
((1,2),(3,(4,5)))	(((1,2),3),(4,5))	347	5
((1,2),(3,(4,5)))	(((1,2),3),(4,5))	348	13
((1,2),(3,(4,5)))	(((1,2),3),(4,5))	349	8
((1,2),(3,(4,5)))	(((1,2),3),(4,5))	350	10
((1,2),(3,(4,5)))	(((1,2),3),(4,5))	351	7
((1,2),(3,(4,5)))	(((1,2),3),(4,5))	352	5
((1,2),(3,(4,5)))	(((1,2),3),(4,5))	353	9
((1,2),(3,(4,5)))	(((1,2),3),(4,5))	354	4
((1,2),(3,(4,5)))	(((1,2),3),(4,5))	355	3
((1,2),(3,(4,5)))	(((1,2),3),(4,5))	356	8
((1,2),(3,(4,5)))	(((1,2),3),(4,5))	357	9
((1,2),(3,(4,5)))	(((1,2),3),(4,5))	358	10
((1,2),(3,(4,5)))	(((1,2),3),(4,5))	359	6
((1,2),(3,(4,5)))	(((1,2),3),(4,5))	360	7
((1,2),(3,(4,5)))	(((1,2),3),(4,5))	361	4
((1,2),(3,(4,5)))	(((1,2),3),(4,5))	362	2
((1,2),(3,(4,5)))	(((1,2),3),(4,5))	363	6
((1,2),(3,(4,5)))	(((1,2),3),(4,5))	364	6
((1,2),(3,(4,5)))	(((1,2),3),(4,5))	365	9
((1,2),(3,(4,5)))	(((1,2),3),(4,5))	366	4
((1,2),(3,(4,5)))	(((1,2),3),(4,5))	367	7
((1,2),(3,(4,5)))	(((1,2),3),(4,5))	368	2
((1,2),(3,(4,5)))	(((1,2),3),(4,5))	369	6
((1,2),(3,(4,5)))	(((1,2),3),(4,5))	370	4
((1,2),(3,(4,5)))	(((1,2),3),(4,5))	371	4
((1,2),(3,(4,5)))	(((1,2),3),(4,5))	372	11
((1,2),(3,(4,5)))	(((1,2),3),(4,5))	373	3
((1,2),(3,(4,5)))	(((1,2),3),(4,5))	374	5
((1,2),(3,(4,5)))	(((1,2),3),(4,5))	375	6
((1,2),(3,(4,5)))	(((1,2),3),(4,5))	376	5
((1,2),(3,(4,5)))	(((1,2),3),(4,5))	377	5
((1,2),(3,(4,5)))	(((1,2),3),(4,5))	378	4
((1,2),(3,(4,5)))	(((1,2),3),(4,5))	379	4
((1,2),(3,(4,5)))	(((1,2),3),(4,5))	380	5
((1,2),(3,(4,5)))	(((1,2),3),(4,5))	381	4
((1,2),(3,(4,5)))	(((1,2),3),(4,5))	382	6
((1,2),(3,(4,5)))	(((1,2),3),(4,5))	383	5
((1,2),(3,(4,5)))	(((1,2),3),(4,5))	384	5
((1,2),(3,(4,5)))	(((1,2),3),(4,5))	385	6
((1,2),(3,(4,5)))	(((1,2),3),(4,5))	386	5
((1,2),(3,(4,5)))	(((1,2),3),(4,5))	387	8
((1,2),(3,(4,5)))	(((1,2),3),(4,5))	388	3
((1,2),(3,(4,5)))	(((1,2),3),(4,5))	389	3
((1,2),(3,(4,5)))	(((1,2),3),(4,5))	390	5
((1,2),(3,(4,5)))	(((1,2),3),(4,5))	391	1
((1,2),(3,(4,5)))	(((1,2),3),(4,5))	392	2
((1,2),(3,(4,5)))	(((1,2),3),(4,5))	393	4
((1,2),(3,(4,5)))	(((1,2),3),(4,5))	394	2
((1,2),(3,(4,5)))	(((1,2),3),(4,5))	395	6
((1,2),(3,(4,5)))	(((1,2),3),(4,5))	396	6
((1,2),(3,(4,5)))	(((1,2),3),(4,5))	397	3
((1,2),(3,(4,5)))	(((1,2),3),(4,5))	398	4
((1,2),(3,(4,5)))	(((1,2),3),(4,5))	399	7
((1,2),(3,(4,5)))	(((1,2),3),(4,5))	400	4
((1,2),(3,(4,5)))	(((1,2),3),(4,5))	401	6
((1,2),(3,(4,5)))	(((1,2),3),(4,5))	402	6
((1,2),(3,(4,5)))	(((1,2),3),(4,5))	403	4
((1,2),(3,(4,5)))	(((1,2),3),(4,5))	404	2
((1,2),(3,(4,5)))	(((1,2),3),(4,5))	405	4
((1,2),(3,(4,5)))	(((1,2),3),(4,5))	406	6
((1,2),(3,(4,5)))	(((1,2),3),(4,5))	408	3
((1,2),(3,(4,5)))	(((1,2),3),(4,5))	409	6
((1,2),(3,(4,5)))	(((1,2),3),(4,5))	410	6
((1,2),(3,(4,5)))	(((1,2),3),(4,5))	412	4
((1,2),(3,(4,5)))	(((1,2),3),(4,5))	413	2
((1,2),(3,(4,5)))	(((1,2),3),(4,5))	414	4
((1,2),(3,(4,5)))	(((1,2),3),(4,5))	415	2
((1,2),(3,(4,5)))	(((1,2),3),(4,5))	416	3
((1,2),(3,(4,5)))	(((1,2),3),(4,5))	417	3
((1,2),(3,(4,5)))	(((1,2),3),(4,5))	418	5
((1,2),(3,(4,5)))	(((1,2),3),(4,5))	419	2
((1,2),(3,(4,5)))	(((1,2),3),(4,5))	420	4
((1,2),(3,(4,5)))	(((1,2),3),(4,5))	421	4
((1,2),(3,(4,5)))	(((1,2),3),(4,5))	422	2
((1,2),(3,(4,5)))	(((1,2),3),(4,5))	423	2
((1,2),(3,(4,5)))	(((1,2),3),(4,5))	424	2
((1,2),(3,(4,5)))	(((1,2),3),(4,5))	425	4
((1,2),(3,(4,5)))	(((1,2),3),(4,5))	426	3
((1,2),(3,(4,5)))	(((1,2),3),(4,5))	427	1
((1,2),(3,(4,5)))	(((1,2),3),(4,5))	428	2
((1,2),(3,(4,5)))	(((1,2),3),(4,5))	429	1
((1,2),(3,(4,5)))	(((1,2),3),(4,5))	430	2
((1,2),(3,(4,5)))	(((1,2),3),(4,5))	431	4
((1,2),(3,(4,5)))	(((1,2),3),(4,5))	432	2
((1,2),(3,(4,5)))	(((1,2),3),(4,5))	433	3
((1,2),(3,(4,5)))	(((1,2),3),(4,5))	435	2
((1,2),(3,(4,5)))	(((1,2),3),(4,5))	436	3
((1,2),(3,(4,5)))	(((1,2),3),(4,5))	437	1
((1,2),(3,(4,5)))	(((1,2),3),(4,5))	439	1
((1,2),(3,(4,5)))	(((1,2),3),(4,5))	440	1
((1,2),(3,(4,5)))	(((1,2),3),(4,5))	441	2
((1,2),(3,(4,5)))	(((1,2),3),(4,5))	442	1
((1,2),(3,(4,5)))	(((1,2),3),(4,5))	443	1
((1,2),(3,(4,5)))	(((1,2),3),(4,5))	444	1
((1,2),(3,(4,5)))	(((1,2),3),(4,5))	445	2
((1,2),(3,(4,5)))	(((1,2),3),(4,5))	446	2
((1,2),(3,(4,5)))	(((1,2),3),(4,5))	447	3
((1,2),(3,(4,5)))	(((1,2),3),(4,5))	448	1
((1,2),(3,(4,5)))	(((1,2),3),(4,5))	449	2
((1,2),(3,(4,5)))	(((1,2),3),(4,5))	450	5
((1,2),(3,(4,5)))	(((1,2),3),(4,5))	451	3
((1,2),(3,(4,5)))	(((1,2),3),(4,5))	452	1
((1,2),(3,(4,5)))	(((1,2),3),(4,5))	453	3
((1,2),(3,(4,5)))	(((1,2),3),(4,5))	454	2
((1,2),(3,(4,5)))	(((1,2),3),(4,5))	456	1
((1,2),(3,(4,5)))	(((1,2),3),(4,5))	457	1
((1,2),(3,(4,5)))	(((1,2),3),(4,5))	459	3
((1,2),(3,(4,5)))	(((1,2),3),(4,5))	460	2
((1,2),(3,(4,5)))	(((1,2),3),(4,5))	461	3
((1,2),(3,(4,5)))	(((1,2),3),(4,5))	462	3
((1,2),(3,(4,5)))	(((1,2),3),(4,5))	463	1
((1,2),(3,(4,5)))	(((1,2),3),(4,5))	465	2
((1,2),(3,(4,5)))	(((1,2),3),(4,5))	466	3
((1,2),(3,(4,5)))	(((1,2),3),(4,5))	468	1
((1,2),(3,(4,5)))	(((1,2),3),(4,5))	469	2
((1,2),(3,(4,5)))	(((1,2),3),(4,5))	470	2
((1,2),(3,(4,5)))	(((1,2),3),(4,5))	471	1
((1,2),(3,(4,5)))	(((1,2),3),(4,5))	473	1
((1,2),(3,(4,5)))	(((1,2),3),(4,5))	474	1
((1,2),(3,(4,5)))	(((1,2),3),(4,5))	475	2
((1,2),(3,(4,5)))	(((1,2),3),(4,5))	478	1
((1,2),(3,(4,5)))	(((1,2),3),(4,5))	480	2
((1,2),(3,(4,5)))	(((1,2),3),(4,5))	481	2
((1,2),(3,(4,5)))	(((1,2),3),(4,5))	483	1
((1,2),(3,(4,5)))	(((1,2),3),(4,5))	485	2
((1,2),(3,(4,5)))	(((1,2),3),(4,5))	486	1
((1,2),(3,(4,5)))	(((1,2),3),(4,5))	488	1
((1,2),(3,(4,5)))	(((1,2),3),(4,5))	489	1
((1,2),(3,(4,5)))	(((1,2),3),(4,5))	490	1
((1,2),(3,(4,5)))	(((1,2),3),(4,5))	491	1
((1,2),(3,(4,5)))	(((1,2),3),(4,5))	494	3
((1,2),(3,(4,5)))	(((1,2),3),(4,5))	495	2
((1,2),(3,(4,5)))	(((1,2),3),(4,5))	498	1
((1,2),(3,(4,5)))	(((1,2),3),(4,5))	499	1
((1,2),(3,(4,5)))	(((1,2),3),(4,5))	500	2
((1,2),(3,(4,5)))	(((1,2),3),(4,5))	501	1
((1,2),(3,(4,5)))	(((1,2),3),(4,5))	502	5
((1,2),(3,(4,5)))	(((1,2),3),(4,5))	504	1
((1,2),(3,(4,5)))	(((1,2),3),(4,5))	505	1
((1,2),(3,(4,5)))	(((1,2),3),(4,5))	506	1
((1,2),(3,(4,5)))	(((1,2),3),(4,5))	507	1
((1,2),(3,(4,5)))	(((1,2),3),(4,5))	509	2
((1,2),(3,(4,5)))	(((1,2),3),(4,5))	510	1
((1,2),(3,(4,5)))	(((1,2),3),(4,5))	512	2
((1,2),(3,(4,5)))	(((1,2),3),(4,5))	513	1
((1,2),(3,(4,5)))	(((1,2),3),(4,5))	514	2
((1,2),(3,(4,5)))	(((1,2),3),(4,5))	515	1
((1,2),(3,(4,5)))	(((1,2),3),(4,5))	516	1
((1,2),(3,(4,5)))	(((1,2),3),(4,5))	518	1
((1,2),(3,(4,5)))	(((1,2),3),(4,5))	520	2
((1,2),(3,(4,5)))	(((1,2),3),(4,5))	523	3
((1,2),(3,(4,5)))	(((1,2),3),(4,5))	524	1
((1,2),(3,(4,5)))	(((1,2),3),(4,5))	527	1
((1,2),(3,(4,5)))	(((1,2),3),(4,5))	528	1
((1,2),(3,(4,5)))	(((1,2),3),(4,5))	531	1
((1,2),(3,(4,5)))	(((1,2),3),(4,5))	532	2
((1,2),(3,(4,5)))	(((1,2),3),(4,5))	533	1
((1,2),(3,(4,5)))	(((1,2),3),(4,5))	534	1
((1,2),(3,(4,5)))	(((1,2),3),(4,5))	539	1
((1,2),(3,(4,5)))	(((1,2),3),(4,5))	543	1
((1,2),(3,(4,5)))	(((1,2),3),(4,5))	545	1
((1,2),(3,(4,5)))	(((1,2),3),(4,5))	546	1
((1,2),(3,(4,5)))	(((1,2),3),(4,5))	550	2
((1,2),(3,(4,5)))	(((1,2),3),(4,5))	554	1
((1,2),(3,(4,5)))	(((1,2),3),(4,5))	559	1
((1,2),(3,(4,5)))	(((1,2),3),(4,5))	561	1
((1,2),(3,(4,5)))	(((1,2),3),(4,5))	563	1
((1,2),(3,(4,5)))	(((1,2),3),(4,5))	566	1
((1,2),(3,(4,5)))	(((1,2),3),(4,5))	567	1
((1,2),(3,(4,5)))	(((1,2),3),(4,5))	570	1
((1,2),(3,(4,5)))	(((1,2),3),(4,5))	571	1
((1,2),(3,(4,5)))	(((1,2),3),(4,5))	573	2
((1,2),(3,(4,5)))	(((1,2),3),(4,5))	574	1
((1,2),(3,(4,5)))	(((1,2),3),(4,5))	583	1
((1,2),(3,(4,5)))	(((1,2),3),(4,5))	585	1
((1,2),(3,(4,5)))	(((1,2),3),(4,5))	587	1
((1,2),(3,(4,5)))	(((1,2),3),(4,5))	589	1
((1,2),(3,(4,5)))	(((1,2),3),(4,5))	591	2
((1,2),(3,(4,5)))	(((1,2),3),(4,5))	593	1
((1,2),(3,(4,5)))	(((1,2),3),(4,5))	598	1
((1,2),(3,(4,5)))	(((1,2),3),(4,5))	601	1
((1,2),(3,(4,5)))	(((1,2),3),(4,5))	602	1
((1,2),(3,(4,5)))	(((1,2),3),(4,5))	604	1
((1,2),(3,(4,5)))	(((1,2),3),(4,5))	605	1
((1,2),(3,(4,5)))	(((1,2),3),(4,5))	611	1
((1,2),(3,(4,5)))	(((1,2),3),(4,5))	615	1
((1,2),(3,(4,5)))	(((1,2),3),(4,5))	620	1
((1,2),(3,(4,5)))	(((1,2),3),(4,5))	622	1
((1,2),(3,(4,5)))	(((1,2),3),(4,5))	631	1
((1,2),(3,(4,5)))	(((1,2),3),(4,5))	632	3
((1,2),(3,(4,5)))	(((1,2),3),(4,5))	636	1
((1,2),(3,(4,5)))	(((1,2),3),(4,5))	640	1
((1,2),(3,(4,5)))	(((1,2),3),(4,5))	642	1
((1,2),(3,(4,5)))	(((1,2),3),(4,5))	643	1
((1,2),(3,(4,5)))	(((1,2),3),(4,5))	651	1
((1,2),(3,(4,5)))	(((1,2),3),(4,5))	689	1
((1,2),(3,(4,5)))	(((1,2),3),(4,5))	695	1
((1,2),(3,(4,5)))	(((1,2),3),(4,5))	703	1
((1,2),(3,(4,5)))	(((1,2),3),(4,5))	718	1
((1,2),(3,(4,5)))	((1,2),(3,(4,5)))	2	3053
((1,2),(3,(4,5)))	((1,2),(3,(4,5)))	3	4344
((1,2),(3,(4,5)))	((1,2),(3,(4,5)))	4	4885
((1,2),(3,(4,5)))	((1,2),(3,(4,5)))	5	4925
((1,2),(3,(4,5)))	((1,2),(3,(4,5)))	6	4977
((1,2),(3,(4,5)))	((1,2),(3,(4,5)))	7	4700
((1,2),(3,(4,5)))	((1,2),(3,(4,5)))	8	4386
((1,2),(3,(4,5)))	((1,2),(3,(4,5)))	9	4316
((1,2),(3,(4,5)))	((1,2),(3,(4,5)))	10	4138
((1,2),(3,(4,5)))	((1,2),(3,(4,5)))	11	3996
((1,2),(3,(4,5)))	((1,2),(3,(4,5)))	12	3816
((1,2),(3,(4,5)))	((1,2),(3,(4,5)))	13	3612
((1,2),(3,(4,5)))	((1,2),(3,(4,5)))	14	3440
((1,2),(3,(4,5)))	((1,2),(3,(4,5)))	15	3435
((1,2),(3,(4,5)))	((1,2),(3,(4,5)))	16	3274
((1,2),(3,(4,5)))	((1,2),(3,(4,5)))	17	3182
((1,2),(3,(4,5)))	((1,2),(3,(4,5)))	18	3022
((1,2),(3,(4,5)))	((1,2),(3,(4,5)))	19	2826
((1,2),(3,(4,5)))	((1,2),(3,(4,5)))	20	2878
((1,2),(3,(4,5)))	((1,2),(3,(4,5)))	21	2779
((1,2),(3,(4,5)))	((1,2),(3,(4,5)))	22	2640
((1,2),(3,(4,5)))	((1,2),(3,(4,5)))	23	2564
((1,2),(3,(4,5)))	((1,2),(3,(4,5)))	24	2383
((1,2),(3,(4,5)))	((1,2),(3,(4,5)))	25	2231
((1,2),(3,(4,5)))	((1,2),(3,(4,5)))	26	2276
((1,2),(3,(4,5)))	((1,2),(3,(4,5)))	27	2221
((1,2),(3,(4,5)))	((1,2),(3,(4,5)))	28	2182
((1,2),(3,(4,5)))	((1,2),(3,(4,5)))	29	2089
((1,2),(3,(4,5)))	((1,2),(3,(4,5)))	30	2047
((1,2),(3,(4,5)))	((1,2),(3,(4,5)))	31	1923
((1,2),(3,(4,5)))	((1,2),(3,(4,5)))	32	1946
((1,2),(3,(4,5)))	((1,2),(3,(4,5)))	33	1853
((1,2),(3,(4,5)))	((1,2),(3,(4,5)))	34	1811
((1,2),(3,(4,5)))	((1,2),(3,(4,5)))	35	1781
((1,2),(3,(4,5)))	((1,2),(3,(4,5)))	36	1730
((1,2),(3,(4,5)))	((1,2),(3,(4,5)))	37	1667
((1,2),(3,(4,5)))	((1,2),(3,(4,5)))	38	1599
((1,2),(3,(4,5)))	((1,2),(3,(4,5)))	39	1516
((1,2),(3,(4,5)))	((1,2),(3,(4,5)))	40	1530
((1,2),(3,(4,5)))	((1,2),(3,(4,5)))	41	1518
((1,2),(3,(4,5)))	((1,2),(3,(4,5)))	42	1439
((1,2),(3,(4,5)))	((1,2),(3,(4,5)))	43	1460
((1,2),(3,(4,5)))	((1,2),(3,(4,5)))	44	1369
((1,2),(3,(4,5)))	((1,2),(3,(4,5)))	45	1357
((1,2),(3,(4,5)))	((1,2),(3,(4,5)))	46	1323
((1,2),(3,(4,5)))	((1,2),(3,(4,5)))	47	1283
((1,2),(3,(4,5)))	((1,2),(3,(4,5)))	48	1309
((1,2),(3,(4,5)))	((1,2),(3,(4,5)))	49	1253
((1,2),(3,(4,5)))	((1,2),(3,(4,5)))	50	1205
((1,2),(3,(4,5)))	((1,2),(3,(4,5)))	51	1187
((1,2),(3,(4,5)))	((1,2),(3,(4,5)))	52	1198
((1,2),(3,(4,5)))	((1,2),(3,(4,5)))	53	1158
((1,2),(3,(4,5)))	((1,2),(3,(4,5)))	54	1098
((1,2),(3,(4,5)))	((1,2),(3,(4,5)))	55	1096
((1,2),(3,(4,5)))	((1,2),(3,(4,5)))	56	1082
((1,2),(3,(4,5)))	((1,2),(3,(4,5)))	57	1003
((1,2),(3,(4,5)))	((1,2),(3,(4,5)))	58	973
((1,2),(3,(4,5)))	((1,2),(3,(4,5)))	59	981
((1,2),(3,(4,5)))	((1,2),(3,(4,5)))	60	983
((1,2),(3,(4,5)))	((1,2),(3,(4,5)))	61	965
((1,2),(3,(4,5)))	((1,2),(3,(4,5)))	62	974
((1,2),(3,(4,5)))	((1,2),(3,(4,5)))	63	951
((1,2),(3,(4,5)))	((1,2),(3,(4,5)))	64	921
((1,2),(3,(4,5)))	((1,2),(3,(4,5)))	65	916
((1,2),(3,(4,5)))	((1,2),(3,(4,5)))	66	899
((1,2),(3,(4,5)))	((1,2),(3,(4,5)))	67	850
((1,2),(3,(4,5)))	((1,2),(3,(4,5)))	68	924
((1,2),(3,(4,5)))	((1,2),(3,(4,5)))	69	817
((1,2),(3,(4,5)))	((1,2),(3,(4,5)))	70	822
((1,2),(3,(4,5)))	((1,2),(3,(4,5)))	71	803
((1,2),(3,(4,5)))	((1,2),(3,(4,5)))	72	752
((1,2),(3,(4,5)))	((1,2),(3,(4,5)))	73	730
((1,2),(3,(4,5)))	((1,2),(3,(4,5)))	74	741
((1,2),(3,(4,5)))	((1,2),(3,(4,5)))	75	731
((1,2),(3,(4,5)))	((1,2),(3,(4,5)))	76	789
((1,2),(3,(4,5)))	((1,2),(3,(4,5)))	77	731
((1,2),(3,(4,5)))	((1,2),(3,(4,5)))	78	665
((1,2),(3,(4,5)))	((1,2),(3,(4,5)))	79	688
((1,2),(3,(4,5)))	((1,2),(3,(4,5)))	80	700
((1,2),(3,(4,5)))	((1,2),(3,(4,5)))	81	683
((1,2),(3,(4,5)))	((1,2),(3,(4,5)))	82	704
((1,2),(3,(4,5)))	((1,2),(3,(4,5)))	83	708
((1,2),(3,(4,5)))	((1,2),(3,(4,5)))	84	643
((1,2),(3,(4,5)))	((1,2),(3,(4,5)))	85	667
((1,2),(3,(4,5)))	((1,2),(3,(4,5)))	86	620
((1,2),(3,(4,5)))	((1,2),(3,(4,5)))	87	616
((1,2),(3,(4,5)))	((1,2),(3,(4,5)))	88	595
((1,2),(3,(4,5)))	((1,2),(3,(4,5)))	89	628
((1,2),(3,(4,5)))	((1,2),(3,(4,5)))	90	546
((1,2),(3,(4,5)))	((1,2),(3,(4,5)))	91	575
((1,2),(3,(4,5)))	((1,2),(3,(4,5)))	92	615
((1,2),(3,(4,5)))	((1,2),(3,(4,5)))	93	569
((1,2),(3,(4,5)))	((1,2),(3,(4,5)))	94	554
((1,2),(3,(4,5)))	((1,2),(3,(4,5)))	95	515
((1,2),(3,(4,5)))	((1,2),(3,(4,5)))	96	532
((1,2),(3,(4,5)))	((1,2),(3,(4,5)))	97	520
((1,2),(3,(4,5)))	((1,2),(3,(4,5)))	98	493
((1,2),(3,(4,5)))	((1,2),(3,(4,5)))	99	467
((1,2),(3,(4,5)))	((1,2),(3,(4,5)))	100	453
((1,2),(3,(4,5)))	((1,2),(3,(4,5)))	101	460
((1,2),(3,(4,5)))	((1,2),(3,(4,5)))	102	466
((1,2),(3,(4,5)))	((1,2),(3,(4,5)))	103	443
((1,2),(3,(4,5)))	((1,2),(3,(4,5)))	104	436
((1,2),(3,(4,5)))	((1,2),(3,(4,5)))	105	430
((1,2),(3,(4,5)))	((1,2),(3,(4,5)))	106	443
((1,2),(3,(4,5)))	((1,2),(3,(4,5)))	107	425
((1,2),(3,(4,5)))	((1,2),(3,(4,5)))	108	423
((1,2),(3,(4,5)))	((1,2),(3,(4,5)))	109	427
((1,2),(3,(4,5)))	((1,2),(3,(4,5)))	110	379
((1,2),(3,(4,5)))	((1,2),(3,(4,5)))	111	378
((1,2),(3,(4,5)))	((1,2),(3,(4,5)))	112	392
((1,2),(3,(4,5)))	((1,2),(3,(4,5)))	113	410
((1,2),(3,(4,5)))	((1,2),(3,(4,5)))	114	371
((1,2),(3,(4,5)))	((1,2),(3,(4,5)))	115	363
((1,2),(3,(4,5)))	((1,2),(3,(4,5)))	116	393
((1,2),(3,(4,5)))	((1,2),(3,(4,5)))	117	339
((1,2),(3,(4,5)))	((1,2),(3,(4,5)))	118	353
((1,2),(3,(4,5)))	((1,2),(3,(4,5)))	119	341
((1,2),(3,(4,5)))	((1,2),(3,(4,5)))	120	334
((1,2),(3,(4,5)))	((1,2),(3,(4,5)))	121	332
((1,2),(3,(4,5)))	((1,2),(3,(4,5)))	122	324
((1,2),(3,(4,5)))	((1,2),(3,(4,5)))	123	297
((1,2),(3,(4,5)))	((1,2),(3,(4,5)))	124	331
((1,2),(3,(4,5)))	((1,2),(3,(4,5)))	125	307
((1,2),(3,(4,5)))	((1,2),(3,(4,5)))	126	321
((1,2),(3,(4,5)))	((1,2),(3,(4,5)))	127	341
((1,2),(3,(4,5)))	((1,2),(3,(4,5)))	128	279
((1,2),(3,(4,5)))	((1,2),(3,(4,5)))	129	294
((1,2),(3,(4,5)))	((1,2),(3,(4,5)))	130	283
((1,2),(3,(4,5)))	((1,2),(3,(4,5)))	131	291
((1,2),(3,(4,5)))	((1,2),(3,(4,5)))	132	268
((1,2),(3,(4,5)))	((1,2),(3,(4,5)))	133	265
((1,2),(3,(4,5)))	((1,2),(3,(4,5)))	134	253
((1,2),(3,(4,5)))	((1,2),(3,(4,5)))	135	271
((1,2),(3,(4,5)))	((1,2),(3,(4,5)))	136	261
((1,2),(3,(4,5)))	((1,2),(3,(4,5)))	137	238
((1,2),(3,(4,5)))	((1,2),(3,(4,5)))	138	242
((1,2),(3,(4,5)))	((1,2),(3,(4,5)))	139	261
((1,2),(3,(4,5)))	((1,2),(3,(4,5)))	140	233
((1,2),(3,(4,5)))	((1,2),(3,(4,5)))	141	232
((1,2),(3,(4,5)))	((1,2),(3,(4,5)))	142	238
((1,2),(3,(4,5)))	((1,2),(3,(4,5)))	143	229
((1,2),(3,(4,5)))	((1,2),(3,(4,5)))	144	238
((1,2),(3,(4,5)))	((1,2),(3,(4,5)))	145	259
((1,2),(3,(4,5)))	((1,2),(3,(4,5)))	146	225
((1,2),(3,(4,5)))	((1,2),(3,(4,5)))	147	223
((1,2),(3,(4,5)))	((1,2),(3,(4,5)))	148	208
((1,2),(3,(4,5)))	((1,2),(3,(4,5)))	149	220
((1,2),(3,(4,5)))	((1,2),(3,(4,5)))	150	196
((1,2),(3,(4,5)))	((1,2),(3,(4,5)))	151	226
((1,2),(3,(4,5)))	((1,2),(3,(4,5)))	152	186
((1,2),(3,(4,5)))	((1,2),(3,(4,5)))	153	220
((1,2),(3,(4,5)))	((1,2),(3,(4,5)))	154	186
((1,2),(3,(4,5)))	((1,2),(3,(4,5)))	155	191
((1,2),(3,(4,5)))	((1,2),(3,(4,5)))	156	199
((1,2),(3,(4,5)))	((1,2),(3,(4,5)))	157	176
((1,2),(3,(4,5)))	((1,2),(3,(4,5)))	158	200
((1,2),(3,(4,5)))	((1,2),(3,(4,5)))	159	188
((1,2),(3,(4,5)))	((1,2),(3,(4,5)))	160	167
((1,2),(3,(4,5)))	((1,2),(3,(4,5)))	161	176
((1,2),(3,(4,5)))	((1,2),(3,(4,5)))	162	161
((1,2),(3,(4,5)))	((1,2),(3,(4,5)))	163	159
((1,2),(3,(4,5)))	((1,2),(3,(4,5)))	164	174
((1,2),(3,(4,5)))	((1,2),(3,(4,5)))	165	153
((1,2),(3,(4,5)))	((1,2),(3,(4,5)))	166	167
((1,2),(3,(4,5)))	((1,2),(3,(4,5)))	167	158
((1,2),(3,(4,5)))	((1,2),(3,(4,5)))	168	168
((1,2),(3,(4,5)))	((1,2),(3,(4,5)))	169	183
((1,2),(3,(4,5)))	((1,2),(3,(4,5)))	170	141
((1,2),(3,(4,5)))	((1,2),(3,(4,5)))	171	130
((1,2),(3,(4,5)))	((1,2),(3,(4,5)))	172	144
((1,2),(3,(4,5)))	((1,2),(3,(4,5)))	173	151
((1,2),(3,(4,5)))	((1,2),(3,(4,5)))	174	139
((1,2),(3,(4,5)))	((1,2),(3,(4,5)))	175	164
((1,2),(3,(4,5)))	((1,2),(3,(4,5)))	176	125
((1,2),(3,(4,5)))	((1,2),(3,(4,5)))	177	140
((1,2),(3,(4,5)))	((1,2),(3,(4,5)))	178	135
((1,2),(3,(4,5)))	((1,2),(3,(4,5)))	179	117
((1,2),(3,(4,5)))	((1,2),(3,(4,5)))	180	124
((1,2),(3,(4,5)))	((1,2),(3,(4,5)))	181	136
((1,2),(3,(4,5)))	((1,2),(3,(4,5)))	182	101
((1,2),(3,(4,5)))	((1,2),(3,(4,5)))	183	135
((1,2),(3,(4,5)))	((1,2),(3,(4,5)))	184	133
((1,2),(3,(4,5)))	((1,2),(3,(4,5)))	185	109
((1,2),(3,(4,5)))	((1,2),(3,(4,5)))	186	125
((1,2),(3,(4,5)))	((1,2),(3,(4,5)))	187	117
((1,2),(3,(4,5)))	((1,2),(3,(4,5)))	188	132
((1,2),(3,(4,5)))	((1,2),(3,(4,5)))	189	111
((1,2),(3,(4,5)))	((1,2),(3,(4,5)))	190	114
((1,2),(3,(4,5)))	((1,2),(3,(4,5)))	191	108
((1,2),(3,(4,5)))	((1,2),(3,(4,5)))	192	108
((1,2),(3,(4,5)))	((1,2),(3,(4,5)))	193	93
((1,2),(3,(4,5)))	((1,2),(3,(4,5)))	194	113
((1,2),(3,(4,5)))	((1,2),(3,(4,5)))	195	107
((1,2),(3,(4,5)))	((1,2),(3,(4,5)))	196	82
((1,2),(3,(4,5)))	((1,2),(3,(4,5)))	197	110
((1,2),(3,(4,5)))	((1,2),(3,(4,5)))	198	103
((1,2),(3,(4,5)))	((1,2),(3,(4,5)))	199	98
((1,2),(3,(4,5)))	((1,2),(3,(4,5)))	200	92
((1,2),(3,(4,5)))	((1,2),(3,(4,5)))	201	86
((1,2),(3,(4,5)))	((1,2),(3,(4,5)))	202	80
((1,2),(3,(4,5)))	((1,2),(3,(4,5)))	203	82
((1,2),(3,(4,5)))	((1,2),(3,(4,5)))	204	89
((1,2),(3,(4,5)))	((1,2),(3,(4,5)))	205	80
((1,2),(3,(4,5)))	((1,2),(3,(4,5)))	206	88
((1,2),(3,(4,5)))	((1,2),(3,(4,5)))	207	94
((1,2),(3,(4,5)))	((1,2),(3,(4,5)))	208	66
((1,2),(3,(4,5)))	((1,2),(3,(4,5)))	209	70
((1,2),(3,(4,5)))	((1,2),(3,(4,5)))	210	74
((1,2),(3,(4,5)))	((1,2),(3,(4,5)))	211	89
((1,2),(3,(4,5)))	((1,2),(3,(4,5)))	212	80
((1,2),(3,(4,5)))	((1,2),(3,(4,5)))	213	82
((1,2),(3,(4,5)))	((1,2),(3,(4,5)))	214	58
((1,2),(3,(4,5)))	((1,2),(3,(4,5)))	215	71
((1,2),(3,(4,5)))	((1,2),(3,(4,5)))	216	74
((1,2),(3,(4,5)))	((1,2),(3,(4,5)))	217	74
((1,2),(3,(4,5)))	((1,2),(3,(4,5)))	218	68
((1,2),(3,(4,5)))	((1,2),(3,(4,5)))	219	66
((1,2),(3,(4,5)))	((1,2),(3,(4,5)))	220	63
((1,2),(3,(4,5)))	((1,2),(3,(4,5)))	221	69
((1,2),(3,(4,5)))	((1,2),(3,(4,5)))	222	63
((1,2),(3,(4,5)))	((1,2),(3,(4,5)))	223	47
((1,2),(3,(4,5)))	((1,2),(3,(4,5)))	224	76
((1,2),(3,(4,5)))	((1,2),(3,(4,5)))	225	70
((1,2),(3,(4,5)))	((1,2),(3,(4,5)))	226	54
((1,2),(3,(4,5)))	((1,2),(3,(4,5)))	227	65
((1,2),(3,(4,5)))	((1,2),(3,(4,5)))	228	52
((1,2),(3,(4,5)))	((1,2),(3,(4,5)))	229	59
((1,2),(3,(4,5)))	((1,2),(3,(4,5)))	230	66
((1,2),(3,(4,5)))	((1,2),(3,(4,5)))	231	57
((1,2),(3,(4,5)))	((1,2),(3,(4,5)))	232	59
((1,2),(3,(4,5)))	((1,2),(3,(4,5)))	233	51
((1,2),(3,(4,5)))	((1,2),(3,(4,5)))	234	55
((1,2),(3,(4,5)))	((1,2),(3,(4,5)))	235	63
((1,2),(3,(4,5)))	((1,2),(3,(4,5)))	236	69
((1,2),(3,(4,5)))	((1,2),(3,(4,5)))	237	44
((1,2),(3,(4,5)))	((1,2),(3,(4,5)))	238	57
((1,2),(3,(4,5)))	((1,2),(3,(4,5)))	239	53
((1,2),(3,(4,5)))	((1,2),(3,(4,5)))	240	43
((1,2),(3,(4,5)))	((1,2),(3,(4,5)))	241	54
((1,2),(3,(4,5)))	((1,2),(3,(4,5)))	242	52
((1,2),(3,(4,5)))	((1,2),(3,(4,5)))	243	40
((1,2),(3,(4,5)))	((1,2),(3,(4,5)))	244	52
((1,2),(3,(4,5)))	((1,2),(3,(4,5)))	245	41
((1,2),(3,(4,5)))	((1,2),(3,(4,5)))	246	37
((1,2),(3,(4,5)))	((1,2),(3,(4,5)))	247	39
((1,2),(3,(4,5)))	((1,2),(3,(4,5)))	248	41
((1,2),(3,(4,5)))	((1,2),(3,(4,5)))	249	47
((1,2),(3,(4,5)))	((1,2),(3,(4,5)))	250	38
((1,2),(3,(4,5)))	((1,2),(3,(4,5)))	251	44
((1,2),(3,(4,5)))	((1,2),(3,(4,5)))	252	40
((1,2),(3,(4,5)))	((1,2),(3,(4,5)))	253	40
((1,2),(3,(4,5)))	((1,2),(3,(4,5)))	254	39
((1,2),(3,(4,5)))	((1,2),(3,(4,5)))	255	36
((1,2),(3,(4,5)))	((1,2),(3,(4,5)))	256	34
((1,2),(3,(4,5)))	((1,2),(3,(4,5)))	257	21
((1,2),(3,(4,5)))	((1,2),(3,(4,5)))	258	34
((1,2),(3,(4,5)))	((1,2),(3,(4,5)))	259	31
((1,2),(3,(4,5)))	((1,2),(3,(4,5)))	260	28
((1,2),(3,(4,5)))	((1,2),(3,(4,5)))	261	39
((1,2),(3,(4,5)))	((1,2),(3,(4,5)))	262	29
((1,2),(3,(4,5)))	((1,2),(3,(4,5)))	263	40
((1,2),(3,(4,5)))	((1,2),(3,(4,5)))	264	33
((1,2),(3,(4,5)))	((1,2),(3,(4,5)))	265	27
((1,2),(3,(4,5)))	((1,2),(3,(4,5)))	266	38
((1,2),(3,(4,5)))	((1,2),(3,(4,5)))	267	37
((1,2),(3,(4,5)))	((1,2),(3,(4,5)))	268	36
((1,2),(3,(4,5)))	((1,2),(3,(4,5)))	269	26
((1,2),(3,(4,5)))	((1,2),(3,(4,5)))	270	28
((1,2),(3,(4,5)))	((1,2),(3,(4,5)))	271	24
((1,2),(3,(4,5)))	((1,2),(3,(4,5)))	272	20
((1,2),(3,(4,5)))	((1,2),(3,(4,5)))	273	27
((1,2),(3,(4,5)))	((1,2),(3,(4,5)))	274	17
((1,2),(3,(4,5)))	((1,2),(3,(4,5)))	275	29
((1,2),(3,(4,5)))	((1,2),(3,(4,5)))	276	23
((1,2),(3,(4,5)))	((1,2),(3,(4,5)))	277	29
((1,2),(3,(4,5)))	((1,2),(3,(4,5)))	278	27
((1,2),(3,(4,5)))	((1,2),(3,(4,5)))	279	15
((1,2),(3,(4,5)))	((1,2),(3,(4,5)))	280	28
((1,2),(3,(4,5)))	((1,2),(3,(4,5)))	281	28
((1,2),(3,(4,5)))	((1,2),(3,(4,5)))	282	23
((1,2),(3,(4,5)))	((1,2),(3,(4,5)))	283	23
((1,2),(3,(4,5)))	((1,2),(3,(4,5)))	284	26
((1,2),(3,(4,5)))	((1,2),(3,(4,5)))	285	23
((1,2),(3,(4,5)))	((1,2),(3,(4,5)))	286	17
((1,2),(3,(4,5)))	((1,2),(3,(4,5)))	287	23
((1,2),(3,(4,5)))	((1,2),(3,(4,5)))	288	22
((1,2),(3,(4,5)))	((1,2),(3,(4,5)))	289	21
((1,2),(3,(4,5)))	((1,2),(3,(4,5)))	290	25
((1,2),(3,(4,5)))	((1,2),(3,(4,5)))	291	18
((1,2),(3,(4,5)))	((1,2),(3,(4,5)))	292	19
((1,2),(3,(4,5)))	((1,2),(3,(4,5)))	293	13
((1,2),(3,(4,5)))	((1,2),(3,(4,5)))	294	17
((1,2),(3,(4,5)))	((1,2),(3,(4,5)))	295	16
((1,2),(3,(4,5)))	((1,2),(3,(4,5)))	296	25
((1,2),(3,(4,5)))	((1,2),(3,(4,5)))	297	20
((1,2),(3,(4,5)))	((1,2),(3,(4,5)))	298	18
((1,2),(3,(4,5)))	((1,2),(3,(4,5)))	299	19
((1,2),(3,(4,5)))	((1,2),(3,(4,5)))	300	18
((1,2),(3,(4,5)))	((1,2),(3,(4,5)))	301	14
((1,2),(3,(4,5)))	((1,2),(3,(4,5)))	302	16
((1,2),(3,(4,5)))	((1,2),(3,(4,5)))	303	20
((1,2),(3,(4,5)))	((1,2),(3,(4,5)))	304	11
((1,2),(3,(4,5)))	((1,2),(3,(4,5)))	305	13
((1,2),(3,(4,5)))	((1,2),(3,(4,5)))	306	16
((1,2),(3,(4,5)))	((1,2),(3,(4,5)))	307	15
((1,2),(3,(4,5)))	((1,2),(3,(4,5)))	308	16
((1,2),(3,(4,5)))	((1,2),(3,(4,5)))	309	16
((1,2),(3,(4,5)))	((1,2),(3,(4,5)))	310	16
((1,2),(3,(4,5)))	((1,2),(3,(4,5)))	311	17
((1,2),(3,(4,5)))	((1,2),(3,(4,5)))	312	13
((1,2),(3,(4,5)))	((1,2),(3,(4,5)))	313	17
((1,2),(3,(4,5)))	((1,2),(3,(4,5)))	314	6
((1,2),(3,(4,5)))	((1,2),(3,(4,5)))	315	17
((1,2),(3,(4,5)))	((1,2),(3,(4,5)))	316	11
((1,2),(3,(4,5)))	((1,2),(3,(4,5)))	317	14
((1,2),(3,(4,5)))	((1,2),(3,(4,5)))	318	16
((1,2),(3,(4,5)))	((1,2),(3,(4,5)))	319	14
((1,2),(3,(4,5)))	((1,2),(3,(4,5)))	320	10
((1,2),(3,(4,5)))	((1,2),(3,(4,5)))	321	14
((1,2),(3,(4,5)))	((1,2),(3,(4,5)))	322	10
((1,2),(3,(4,5)))	((1,2),(3,(4,5)))	323	13
((1,2),(3,(4,5)))	((1,2),(3,(4,5)))	324	9
((1,2),(3,(4,5)))	((1,2),(3,(4,5)))	325	13
((1,2),(3,(4,5)))	((1,2),(3,(4,5)))	326	13
((1,2),(3,(4,5)))	((1,2),(3,(4,5)))	327	5
((1,2),(3,(4,5)))	((1,2),(3,(4,5)))	328	13
((1,2),(3,(4,5)))	((1,2),(3,(4,5)))	329	11
((1,2),(3,(4,5)))	((1,2),(3,(4,5)))	330	6
((1,2),(3,(4,5)))	((1,2),(3,(4,5)))	331	16
((1,2),(3,(4,5)))	((1,2),(3,(4,5)))	332	9
((1,2),(3,(4,5)))	((1,2),(3,(4,5)))	333	10
((1,2),(3,(4,5)))	((1,2),(3,(4,5)))	334	12
((1,2),(3,(4,5)))	((1,2),(3,(4,5)))	335	17
((1,2),(3,(4,5)))	((1,2),(3,(4,5)))	336	10
((1,2),(3,(4,5)))	((1,2),(3,(4,5)))	337	7
((1,2),(3,(4,5)))	((1,2),(3,(4,5)))	338	14
((1,2),(3,(4,5)))	((1,2),(3,(4,5)))	339	6
((1,2),(3,(4,5)))	((1,2),(3,(4,5)))	340	9
((1,2),(3,(4,5)))	((1,2),(3,(4,5)))	341	13
((1,2),(3,(4,5)))	((1,2),(3,(4,5)))	342	7
((1,2),(3,(4,5)))	((1,2),(3,(4,5)))	343	7
((1,2),(3,(4,5)))	((1,2),(3,(4,5)))	344	7
((1,2),(3,(4,5)))	((1,2),(3,(4,5)))	345	10
((1,2),(3,(4,5)))	((1,2),(3,(4,5)))	346	10
((1,2),(3,(4,5)))	((1,2),(3,(4,5)))	347	11
((1,2),(3,(4,5)))	((1,2),(3,(4,5)))	348	8
((1,2),(3,(4,5)))	((1,2),(3,(4,5)))	349	9
((1,2),(3,(4,5)))	((1,2),(3,(4,5)))	350	3
((1,2),(3,(4,5)))	((1,2),(3,(4,5)))	351	10
((1,2),(3,(4,5)))	((1,2),(3,(4,5)))	352	11
((1,2),(3,(4,5)))	((1,2),(3,(4,5)))	353	10
((1,2),(3,(4,5)))	((1,2),(3,(4,5)))	354	13
((1,2),(3,(4,5)))	((1,2),(3,(4,5)))	355	10
((1,2),(3,(4,5)))	((1,2),(3,(4,5)))	356	3
((1,2),(3,(4,5)))	((1,2),(3,(4,5)))	357	6
((1,2),(3,(4,5)))	((1,2),(3,(4,5)))	358	7
((1,2),(3,(4,5)))	((1,2),(3,(4,5)))	359	5
((1,2),(3,(4,5)))	((1,2),(3,(4,5)))	360	4
((1,2),(3,(4,5)))	((1,2),(3,(4,5)))	361	12
((1,2),(3,(4,5)))	((1,2),(3,(4,5)))	362	5
((1,2),(3,(4,5)))	((1,2),(3,(4,5)))	363	6
((1,2),(3,(4,5)))	((1,2),(3,(4,5)))	364	7
((1,2),(3,(4,5)))	((1,2),(3,(4,5)))	365	9
((1,2),(3,(4,5)))	((1,2),(3,(4,5)))	366	5
((1,2),(3,(4,5)))	((1,2),(3,(4,5)))	367	6
((1,2),(3,(4,5)))	((1,2),(3,(4,5)))	368	7
((1,2),(3,(4,5)))	((1,2),(3,(4,5)))	369	5
((1,2),(3,(4,5)))	((1,2),(3,(4,5)))	370	9
((1,2),(3,(4,5)))	((1,2),(3,(4,5)))	371	7
((1,2),(3,(4,5)))	((1,2),(3,(4,5)))	372	6
((1,2),(3,(4,5)))	((1,2),(3,(4,5)))	373	5
((1,2),(3,(4,5)))	((1,2),(3,(4,5)))	374	7
((1,2),(3,(4,5)))	((1,2),(3,(4,5)))	375	4
((1,2),(3,(4,5)))	((1,2),(3,(4,5)))	376	3
((1,2),(3,(4,5)))	((1,2),(3,(4,5)))	377	5
((1,2),(3,(4,5)))	((1,2),(3,(4,5)))	378	1
((1,2),(3,(4,5)))	((1,2),(3,(4,5)))	379	3
((1,2),(3,(4,5)))	((1,2),(3,(4,5)))	380	5
((1,2),(3,(4,5)))	((1,2),(3,(4,5)))	381	4
((1,2),(3,(4,5)))	((1,2),(3,(4,5)))	382	3
((1,2),(3,(4,5)))	((1,2),(3,(4,5)))	383	4
((1,2),(3,(4,5)))	((1,2),(3,(4,5)))	384	3
((1,2),(3,(4,5)))	((1,2),(3,(4,5)))	385	8
((1,2),(3,(4,5)))	((1,2),(3,(4,5)))	386	6
((1,2),(3,(4,5)))	((1,2),(3,(4,5)))	387	4
((1,2),(3,(4,5)))	((1,2),(3,(4,5)))	388	1
((1,2),(3,(4,5)))	((1,2),(3,(4,5)))	389	7
((1,2),(3,(4,5)))	((1,2),(3,(4,5)))	390	1
((1,2),(3,(4,5)))	((1,2),(3,(4,5)))	391	3
((1,2),(3,(4,5)))	((1,2),(3,(4,5)))	392	3
((1,2),(3,(4,5)))	((1,2),(3,(4,5)))	393	4
((1,2),(3,(4,5)))	((1,2),(3,(4,5)))	394	3
((1,2),(3,(4,5)))	((1,2),(3,(4,5)))	395	4
((1,2),(3,(4,5)))	((1,2),(3,(4,5)))	396	6
((1,2),(3,(4,5)))	((1,2),(3,(4,5)))	397	4
((1,2),(3,(4,5)))	((1,2),(3,(4,5)))	398	3
((1,2),(3,(4,5)))	((1,2),(3,(4,5)))	399	7
((1,2),(3,(4,5)))	((1,2),(3,(4,5)))	400	4
((1,2),(3,(4,5)))	((1,2),(3,(4,5)))	401	3
((1,2),(3,(4,5)))	((1,2),(3,(4,5)))	402	7
((1,2),(3,(4,5)))	((1,2),(3,(4,5)))	403	5
((1,2),(3,(4,5)))	((1,2),(3,(4,5)))	404	2
((1,2),(3,(4,5)))	((1,2),(3,(4,5)))	405	2
((1,2),(3,(4,5)))	((1,2),(3,(4,5)))	406	5
((1,2),(3,(4,5)))	((1,2),(3,(4,5)))	407	4
((1,2),(3,(4,5)))	((1,2),(3,(4,5)))	408	2
((1,2),(3,(4,5)))	((1,2),(3,(4,5)))	409	4
((1,2),(3,(4,5)))	((1,2),(3,(4,5)))	410	3
((1,2),(3,(4,5)))	((1,2),(3,(4,5)))	411	5
((1,2),(3,(4,5)))	((1,2),(3,(4,5)))	412	3
((1,2),(3,(4,5)))	((1,2),(3,(4,5)))	413	6
((1,2),(3,(4,5)))	((1,2),(3,(4,5)))	414	2
((1,2),(3,(4,5)))	((1,2),(3,(4,5)))	415	1
((1,2),(3,(4,5)))	((1,2),(3,(4,5)))	416	4
((1,2),(3,(4,5)))	((1,2),(3,(4,5)))	417	1
((1,2),(3,(4,5)))	((1,2),(3,(4,5)))	418	1
((1,2),(3,(4,5)))	((1,2),(3,(4,5)))	420	2
((1,2),(3,(4,5)))	((1,2),(3,(4,5)))	421	1
((1,2),(3,(4,5)))	((1,2),(3,(4,5)))	422	5
((1,2),(3,(4,5)))	((1,2),(3,(4,5)))	424	2
((1,2),(3,(4,5)))	((1,2),(3,(4,5)))	425	1
((1,2),(3,(4,5)))	((1,2),(3,(4,5)))	426	3
((1,2),(3,(4,5)))	((1,2),(3,(4,5)))	427	2
((1,2),(3,(4,5)))	((1,2),(3,(4,5)))	428	2
((1,2),(3,(4,5)))	((1,2),(3,(4,5)))	429	4
((1,2),(3,(4,5)))	((1,2),(3,(4,5)))	430	2
((1,2),(3,(4,5)))	((1,2),(3,(4,5)))	434	2
((1,2),(3,(4,5)))	((1,2),(3,(4,5)))	435	3
((1,2),(3,(4,5)))	((1,2),(3,(4,5)))	437	2
((1,2),(3,(4,5)))	((1,2),(3,(4,5)))	439	2
((1,2),(3,(4,5)))	((1,2),(3,(4,5)))	441	2
((1,2),(3,(4,5)))	((1,2),(3,(4,5)))	442	2
((1,2),(3,(4,5)))	((1,2),(3,(4,5)))	443	2
((1,2),(3,(4,5)))	((1,2),(3,(4,5)))	445	3
((1,2),(3,(4,5)))	((1,2),(3,(4,5)))	446	3
((1,2),(3,(4,5)))	((1,2),(3,(4,5)))	447	4
((1,2),(3,(4,5)))	((1,2),(3,(4,5)))	448	3
((1,2),(3,(4,5)))	((1,2),(3,(4,5)))	449	5
((1,2),(3,(4,5)))	((1,2),(3,(4,5)))	451	2
((1,2),(3,(4,5)))	((1,2),(3,(4,5)))	452	6
((1,2),(3,(4,5)))	((1,2),(3,(4,5)))	453	2
((1,2),(3,(4,5)))	((1,2),(3,(4,5)))	454	1
((1,2),(3,(4,5)))	((1,2),(3,(4,5)))	455	2
((1,2),(3,(4,5)))	((1,2),(3,(4,5)))	456	3
((1,2),(3,(4,5)))	((1,2),(3,(4,5)))	457	1
((1,2),(3,(4,5)))	((1,2),(3,(4,5)))	458	2
((1,2),(3,(4,5)))	((1,2),(3,(4,5)))	459	1
((1,2),(3,(4,5)))	((1,2),(3,(4,5)))	460	3
((1,2),(3,(4,5)))	((1,2),(3,(4,5)))	462	1
((1,2),(3,(4,5)))	((1,2),(3,(4,5)))	467	3
((1,2),(3,(4,5)))	((1,2),(3,(4,5)))	468	1
((1,2),(3,(4,5)))	((1,2),(3,(4,5)))	470	1
((1,2),(3,(4,5)))	((1,2),(3,(4,5)))	471	1
((1,2),(3,(4,5)))	((1,2),(3,(4,5)))	472	1
((1,2),(3,(4,5)))	((1,2),(3,(4,5)))	474	2
((1,2),(3,(4,5)))	((1,2),(3,(4,5)))	475	1
((1,2),(3,(4,5)))	((1,2),(3,(4,5)))	476	1
((1,2),(3,(4,5)))	((1,2),(3,(4,5)))	477	1
((1,2),(3,(4,5)))	((1,2),(3,(4,5)))	479	1
((1,2),(3,(4,5)))	((1,2),(3,(4,5)))	480	1
((1,2),(3,(4,5)))	((1,2),(3,(4,5)))	482	1
((1,2),(3,(4,5)))	((1,2),(3,(4,5)))	483	1
((1,2),(3,(4,5)))	((1,2),(3,(4,5)))	484	3
((1,2),(3,(4,5)))	((1,2),(3,(4,5)))	486	1
((1,2),(3,(4,5)))	((1,2),(3,(4,5)))	487	1
((1,2),(3,(4,5)))	((1,2),(3,(4,5)))	488	1
((1,2),(3,(4,5)))	((1,2),(3,(4,5)))	490	1
((1,2),(3,(4,5)))	((1,2),(3,(4,5)))	493	1
((1,2),(3,(4,5)))	((1,2),(3,(4,5)))	495	1
((1,2),(3,(4,5)))	((1,2),(3,(4,5)))	498	1
((1,2),(3,(4,5)))	((1,2),(3,(4,5)))	500	2
((1,2),(3,(4,5)))	((1,2),(3,(4,5)))	501	2
((1,2),(3,(4,5)))	((1,2),(3,(4,5)))	502	2
((1,2),(3,(4,5)))	((1,2),(3,(4,5)))	505	1
((1,2),(3,(4,5)))	((1,2),(3,(4,5)))	507	2
((1,2),(3,(4,5)))	((1,2),(3,(4,5)))	508	1
((1,2),(3,(4,5)))	((1,2),(3,(4,5)))	510	2
((1,2),(3,(4,5)))	((1,2),(3,(4,5)))	512	2
((1,2),(3,(4,5)))	((1,2),(3,(4,5)))	519	3
((1,2),(3,(4,5)))	((1,2),(3,(4,5)))	520	1
((1,2),(3,(4,5)))	((1,2),(3,(4,5)))	522	1
((1,2),(3,(4,5)))	((1,2),(3,(4,5)))	525	3
((1,2),(3,(4,5)))	((1,2),(3,(4,5)))	526	1
((1,2),(3,(4,5)))	((1,2),(3,(4,5)))	537	1
((1,2),(3,(4,5)))	((1,2),(3,(4,5)))	538	1
((1,2),(3,(4,5)))	((1,2),(3,(4,5)))	539	1
((1,2),(3,(4,5)))	((1,2),(3,(4,5)))	542	1
((1,2),(3,(4,5)))	((1,2),(3,(4,5)))	545	1
((1,2),(3,(4,5)))	((1,2),(3,(4,5)))	546	1
((1,2),(3,(4,5)))	((1,2),(3,(4,5)))	548	1
((1,2),(3,(4,5)))	((1,2),(3,(4,5)))	555	1
((1,2),(3,(4,5)))	((1,2),(3,(4,5)))	557	1
((1,2),(3,(4,5)))	((1,2),(3,(4,5)))	559	1
((1,2),(3,(4,5)))	((1,2),(3,(4,5)))	561	1
((1,2),(3,(4,5)))	((1,2),(3,(4,5)))	567	1
((1,2),(3,(4,5)))	((1,2),(3,(4,5)))	575	1
((1,2),(3,(4,5)))	((1,2),(3,(4,5)))	576	1
((1,2),(3,(4,5)))	((1,2),(3,(4,5)))	578	1
((1,2),(3,(4,5)))	((1,2),(3,(4,5)))	589	1
((1,2),(3,(4,5)))	((1,2),(3,(4,5)))	593	2
((1,2),(3,(4,5)))	((1,2),(3,(4,5)))	596	1
((1,2),(3,(4,5)))	((1,2),(3,(4,5)))	622	1
((1,2),(3,(4,5)))	((1,2),(3,(4,5)))	623	1
((1,2),(3,(4,5)))	((1,2),(3,(4,5)))	630	1
((1,2),(3,(4,5)))	((1,2),(3,(4,5)))	633	1
((1,2),(3,(4,5)))	((1,2),(3,(4,5)))	635	1
((1,2),(3,(4,5)))	((1,2),(3,(4,5)))	637	1
((1,2),(3,(4,5)))	((1,2),(3,(4,5)))	638	1
((1,2),(3,(4,5)))	((1,2),(3,(4,5)))	645	1
((1,2),(3,(4,5)))	((1,2),(3,(4,5)))	664	1
((1,2),(3,(4,5)))	((1,2),(3,(4,5)))	695	1
((1,2),(3,(4,5)))	((1,2),(3,(4,5)))	698	1
((1,2),(3,(4,5)))	((1,2),(3,(4,5)))	721	1
((1,2),(3,(4,5)))	((1,2),(3,(4,5)))	730	1
((1,2),(3,(4,5)))	((1,2),(3,(4,5)))	747	1
